
!AMPLITUDE, NAME=AMP0
0.0000000000e+00, 0.0000000000e+00
9.9998333342e-03, 1.0000000000e-02
1.9998666693e-02, 2.0000000000e-02
2.9995500202e-02, 3.0000000000e-02
3.9989334187e-02, 4.0000000000e-02
4.9979169271e-02, 5.0000000000e-02
5.9964006479e-02, 6.0000000000e-02
6.9942847338e-02, 7.0000000000e-02
7.9914693969e-02, 8.0000000000e-02
8.9878549198e-02, 9.0000000000e-02
9.9833416647e-02, 1.0000000000e-01
1.0977830084e-01, 1.1000000000e-01
1.1971220729e-01, 1.2000000000e-01
1.2963414262e-01, 1.3000000000e-01
1.3954311464e-01, 1.4000000000e-01
1.4943813247e-01, 1.5000000000e-01
1.5931820661e-01, 1.6000000000e-01
1.6918234907e-01, 1.7000000000e-01
1.7902957343e-01, 1.8000000000e-01
1.8885889498e-01, 1.9000000000e-01
1.9866933080e-01, 2.0000000000e-01
2.0845989985e-01, 2.1000000000e-01
2.1822962308e-01, 2.2000000000e-01
2.2797752354e-01, 2.3000000000e-01
2.3770262643e-01, 2.4000000000e-01
2.4740395925e-01, 2.5000000000e-01
2.5708055189e-01, 2.6000000000e-01
2.6673143669e-01, 2.7000000000e-01
2.7635564856e-01, 2.8000000000e-01
2.8595222510e-01, 2.9000000000e-01
2.9552020666e-01, 3.0000000000e-01
3.0505863644e-01, 3.1000000000e-01
3.1456656062e-01, 3.2000000000e-01
3.2404302839e-01, 3.3000000000e-01
3.3348709214e-01, 3.4000000000e-01
3.4289780746e-01, 3.5000000000e-01
3.5227423328e-01, 3.6000000000e-01
3.6161543196e-01, 3.7000000000e-01
3.7092046941e-01, 3.8000000000e-01
3.8018841512e-01, 3.9000000000e-01
3.8941834231e-01, 4.0000000000e-01
3.9860932798e-01, 4.1000000000e-01
4.0776045306e-01, 4.2000000000e-01
4.1687080243e-01, 4.3000000000e-01
4.2593946507e-01, 4.4000000000e-01
4.3496553411e-01, 4.5000000000e-01
4.4394810697e-01, 4.6000000000e-01
4.5288628538e-01, 4.7000000000e-01
4.6177917554e-01, 4.8000000000e-01
4.7062588817e-01, 4.9000000000e-01
4.7942553860e-01, 5.0000000000e-01
4.8817724688e-01, 5.1000000000e-01
4.9688013784e-01, 5.2000000000e-01
5.0553334120e-01, 5.3000000000e-01
5.1413599165e-01, 5.4000000000e-01
5.2268722893e-01, 5.5000000000e-01
5.3118619792e-01, 5.6000000000e-01
5.3963204873e-01, 5.7000000000e-01
5.4802393679e-01, 5.8000000000e-01
5.5636102291e-01, 5.9000000000e-01
5.6464247340e-01, 6.0000000000e-01
5.7286746010e-01, 6.1000000000e-01
5.8103516054e-01, 6.2000000000e-01
5.8914475794e-01, 6.3000000000e-01
5.9719544136e-01, 6.4000000000e-01
6.0518640574e-01, 6.5000000000e-01
6.1311685197e-01, 6.6000000000e-01
6.2098598704e-01, 6.7000000000e-01
6.2879302402e-01, 6.8000000000e-01
6.3653718222e-01, 6.9000000000e-01
6.4421768724e-01, 7.0000000000e-01
6.5183377102e-01, 7.1000000000e-01
6.5938467197e-01, 7.2000000000e-01
6.6686963500e-01, 7.3000000000e-01
6.7428791163e-01, 7.4000000000e-01
6.8163876002e-01, 7.5000000000e-01
6.8892144511e-01, 7.6000000000e-01
6.9613523863e-01, 7.7000000000e-01
7.0327941920e-01, 7.8000000000e-01
7.1035327242e-01, 7.9000000000e-01
7.1735609090e-01, 8.0000000000e-01
7.2428717437e-01, 8.1000000000e-01
7.3114582973e-01, 8.2000000000e-01
7.3793137111e-01, 8.3000000000e-01
7.4464311997e-01, 8.4000000000e-01
7.5128040514e-01, 8.5000000000e-01
7.5784256290e-01, 8.6000000000e-01
7.6432893703e-01, 8.7000000000e-01
7.7073887890e-01, 8.8000000000e-01
7.7707174753e-01, 8.9000000000e-01
7.8332690963e-01, 9.0000000000e-01
7.8950373969e-01, 9.1000000000e-01
7.9560162004e-01, 9.2000000000e-01
8.0161994088e-01, 9.3000000000e-01
8.0755810041e-01, 9.4000000000e-01
8.1341550479e-01, 9.5000000000e-01
8.1919156830e-01, 9.6000000000e-01
8.2488571334e-01, 9.7000000000e-01
8.3049737049e-01, 9.8000000000e-01
8.3602597860e-01, 9.9000000000e-01
8.4147098481e-01, 1.0000000000e+00
8.4683184462e-01, 1.0100000000e+00
8.5210802195e-01, 1.0200000000e+00
8.5729898919e-01, 1.0300000000e+00
8.6240422724e-01, 1.0400000000e+00
8.6742322559e-01, 1.0500000000e+00
8.7235548234e-01, 1.0600000000e+00
8.7720050427e-01, 1.0700000000e+00
8.8195780688e-01, 1.0800000000e+00
8.8662691445e-01, 1.0900000000e+00
8.9120736006e-01, 1.1000000000e+00
8.9569868568e-01, 1.1100000000e+00
9.0010044218e-01, 1.1200000000e+00
9.0441218938e-01, 1.1300000000e+00
9.0863349612e-01, 1.1400000000e+00
9.1276394026e-01, 1.1500000000e+00
9.1680310877e-01, 1.1600000000e+00
9.2075059774e-01, 1.1700000000e+00
9.2460601241e-01, 1.1800000000e+00
9.2836896725e-01, 1.1900000000e+00
9.3203908597e-01, 1.2000000000e+00
9.3561600155e-01, 1.2100000000e+00
9.3909935632e-01, 1.2200000000e+00
9.4248880193e-01, 1.2300000000e+00
9.4578399945e-01, 1.2400000000e+00
9.4898461936e-01, 1.2500000000e+00
9.5209034159e-01, 1.2600000000e+00
9.5510085558e-01, 1.2700000000e+00
9.5801586029e-01, 1.2800000000e+00
9.6083506421e-01, 1.2900000000e+00
9.6355818542e-01, 1.3000000000e+00
9.6618495161e-01, 1.3100000000e+00
9.6871510012e-01, 1.3200000000e+00
9.7114837792e-01, 1.3300000000e+00
9.7348454170e-01, 1.3400000000e+00
9.7572335783e-01, 1.3500000000e+00
9.7786460244e-01, 1.3600000000e+00
9.7990806140e-01, 1.3700000000e+00
9.8185353037e-01, 1.3800000000e+00
9.8370081481e-01, 1.3900000000e+00
9.8544972999e-01, 1.4000000000e+00
9.8710010101e-01, 1.4100000000e+00
9.8865176285e-01, 1.4200000000e+00
9.9010456034e-01, 1.4300000000e+00
9.9145834819e-01, 1.4400000000e+00
9.9271299104e-01, 1.4500000000e+00
9.9386836341e-01, 1.4600000000e+00
9.9492434978e-01, 1.4700000000e+00
9.9588084454e-01, 1.4800000000e+00
9.9673775204e-01, 1.4900000000e+00
9.9749498660e-01, 1.5000000000e+00
9.9815247250e-01, 1.5100000000e+00
9.9871014398e-01, 1.5200000000e+00
9.9916794527e-01, 1.5300000000e+00
9.9952583061e-01, 1.5400000000e+00
9.9978376419e-01, 1.5500000000e+00
9.9994172023e-01, 1.5600000000e+00
9.9999968293e-01, 1.5700000000e+00
9.9995764650e-01, 1.5800000000e+00
9.9981561513e-01, 1.5900000000e+00
9.9957360304e-01, 1.6000000000e+00
9.9923163442e-01, 1.6100000000e+00
9.9878974347e-01, 1.6200000000e+00
9.9824797438e-01, 1.6300000000e+00
9.9760638132e-01, 1.6400000000e+00
9.9686502845e-01, 1.6500000000e+00
9.9602398992e-01, 1.6600000000e+00
9.9508334981e-01, 1.6700000000e+00
9.9404320220e-01, 1.6800000000e+00
9.9290365109e-01, 1.6900000000e+00
9.9166481045e-01, 1.7000000000e+00
9.9032680416e-01, 1.7100000000e+00
9.8888976600e-01, 1.7200000000e+00
9.8735383970e-01, 1.7300000000e+00
9.8571917884e-01, 1.7400000000e+00
9.8398594687e-01, 1.7500000000e+00
9.8215431714e-01, 1.7600000000e+00
9.8022447279e-01, 1.7700000000e+00
9.7819660681e-01, 1.7800000000e+00
9.7607092198e-01, 1.7900000000e+00
9.7384763088e-01, 1.8000000000e+00
9.7152695582e-01, 1.8100000000e+00
9.6910912888e-01, 1.8200000000e+00
9.6659439183e-01, 1.8300000000e+00
9.6398299615e-01, 1.8400000000e+00
9.6127520298e-01, 1.8500000000e+00
9.5847128308e-01, 1.8600000000e+00
9.5557151685e-01, 1.8700000000e+00
9.5257619427e-01, 1.8800000000e+00
9.4948561486e-01, 1.8900000000e+00
9.4630008769e-01, 1.9000000000e+00
9.4301993129e-01, 1.9100000000e+00
9.3964547369e-01, 1.9200000000e+00
9.3617705232e-01, 1.9300000000e+00
9.3261501402e-01, 1.9400000000e+00
9.2895971500e-01, 1.9500000000e+00
9.2521152079e-01, 1.9600000000e+00
9.2137080619e-01, 1.9700000000e+00
9.1743795528e-01, 1.9800000000e+00
9.1341336134e-01, 1.9900000000e+00
9.0929742683e-01, 2.0000000000e+00
9.0509056333e-01, 2.0100000000e+00
9.0079319152e-01, 2.0200000000e+00
8.9640574115e-01, 2.0300000000e+00
8.9192865095e-01, 2.0400000000e+00
8.8736236863e-01, 2.0500000000e+00
8.8270735082e-01, 2.0600000000e+00
8.7796406300e-01, 2.0700000000e+00
8.7313297951e-01, 2.0800000000e+00
8.6821458345e-01, 2.0900000000e+00
8.6320936665e-01, 2.1000000000e+00
8.5811782963e-01, 2.1100000000e+00
8.5294048155e-01, 2.1200000000e+00
8.4767784013e-01, 2.1300000000e+00
8.4233043164e-01, 2.1400000000e+00
8.3689879080e-01, 2.1500000000e+00
8.3138346078e-01, 2.1600000000e+00
8.2578499311e-01, 2.1700000000e+00
8.2010394762e-01, 2.1800000000e+00
8.1434089243e-01, 2.1900000000e+00
8.0849640382e-01, 2.2000000000e+00
8.0257106625e-01, 2.2100000000e+00
7.9656547224e-01, 2.2200000000e+00
7.9048022234e-01, 2.2300000000e+00
7.8431592508e-01, 2.2400000000e+00
7.7807319689e-01, 2.2500000000e+00
7.7175266202e-01, 2.2600000000e+00
7.6535495253e-01, 2.2700000000e+00
7.5888070818e-01, 2.2800000000e+00
7.5233057639e-01, 2.2900000000e+00
7.4570521218e-01, 2.3000000000e+00
7.3900527806e-01, 2.3100000000e+00
7.3223144403e-01, 2.3200000000e+00
7.2538438747e-01, 2.3300000000e+00
7.1846479307e-01, 2.3400000000e+00
7.1147335279e-01, 2.3500000000e+00
7.0441076577e-01, 2.3600000000e+00
6.9727773826e-01, 2.3700000000e+00
6.9007498356e-01, 2.3800000000e+00
6.8280322193e-01, 2.3900000000e+00
6.7546318055e-01, 2.4000000000e+00
6.6805559342e-01, 2.4100000000e+00
6.6058120128e-01, 2.4200000000e+00
6.5304075157e-01, 2.4300000000e+00
6.4543499833e-01, 2.4400000000e+00
6.3776470213e-01, 2.4500000000e+00
6.3003063000e-01, 2.4600000000e+00
6.2223355532e-01, 2.4700000000e+00
6.1437425781e-01, 2.4800000000e+00
6.0645352338e-01, 2.4900000000e+00
5.9847214410e-01, 2.5000000000e+00
5.9043091811e-01, 2.5100000000e+00
5.8233064952e-01, 2.5200000000e+00
5.7417214835e-01, 2.5300000000e+00
5.6595623045e-01, 2.5400000000e+00
5.5768371739e-01, 2.5500000000e+00
5.4935543643e-01, 2.5600000000e+00
5.4097222038e-01, 2.5700000000e+00
5.3253490756e-01, 2.5800000000e+00
5.2404434169e-01, 2.5900000000e+00
5.1550137182e-01, 2.6000000000e+00
5.0690685225e-01, 2.6100000000e+00
4.9826164241e-01, 2.6200000000e+00
4.8956660683e-01, 2.6300000000e+00
4.8082261499e-01, 2.6400000000e+00
4.7203054129e-01, 2.6500000000e+00
4.6319126493e-01, 2.6600000000e+00
4.5430566983e-01, 2.6700000000e+00
4.4537464454e-01, 2.6800000000e+00
4.3639908216e-01, 2.6900000000e+00
4.2737988023e-01, 2.7000000000e+00
4.1831794068e-01, 2.7100000000e+00
4.0921416967e-01, 2.7200000000e+00
4.0006947759e-01, 2.7300000000e+00
3.9088477890e-01, 2.7400000000e+00
3.8166099205e-01, 2.7500000000e+00
3.7239903943e-01, 2.7600000000e+00
3.6309984720e-01, 2.7700000000e+00
3.5376434530e-01, 2.7800000000e+00
3.4439346726e-01, 2.7900000000e+00
3.3498815016e-01, 2.8000000000e+00
3.2554933452e-01, 2.8100000000e+00
3.1607796422e-01, 2.8200000000e+00
3.0657498638e-01, 2.8300000000e+00
2.9704135131e-01, 2.8400000000e+00
2.8747801234e-01, 2.8500000000e+00
2.7788592582e-01, 2.8600000000e+00
2.6826605093e-01, 2.8700000000e+00
2.5861934966e-01, 2.8800000000e+00
2.4894678667e-01, 2.8900000000e+00
2.3924932921e-01, 2.9000000000e+00
2.2952794702e-01, 2.9100000000e+00
2.1978361223e-01, 2.9200000000e+00
2.1001729925e-01, 2.9300000000e+00
2.0022998472e-01, 2.9400000000e+00
1.9042264736e-01, 2.9500000000e+00
1.8059626789e-01, 2.9600000000e+00
1.7075182895e-01, 2.9700000000e+00
1.6089031497e-01, 2.9800000000e+00
1.5101271209e-01, 2.9900000000e+00
1.4112000806e-01, 3.0000000000e+00
1.3121319215e-01, 3.0100000000e+00
1.2129325503e-01, 3.0200000000e+00
1.1136118869e-01, 3.0300000000e+00
1.0141798632e-01, 3.0400000000e+00
9.1464642232e-02, 3.0500000000e+00
8.1502151760e-02, 3.0600000000e+00
7.1531511141e-02, 3.0700000000e+00
6.1553717430e-02, 3.0800000000e+00
5.1569768399e-02, 3.0900000000e+00
4.1580662433e-02, 3.1000000000e+00
3.1587398436e-02, 3.1100000000e+00
2.1590975726e-02, 3.1200000000e+00
1.1592393936e-02, 3.1300000000e+00
1.5926529165e-03, 3.1400000000e+00
-8.4072473671e-03, 3.1500000000e+00
-1.8406306933e-02, 3.1600000000e+00
-2.8403525884e-02, 3.1700000000e+00
-3.8397904505e-02, 3.1800000000e+00
-4.8388443368e-02, 3.1900000000e+00
-5.8374143428e-02, 3.2000000000e+00
-6.8354006121e-02, 3.2100000000e+00
-7.8327033471e-02, 3.2200000000e+00
-8.8292228183e-02, 3.2300000000e+00
-9.8248593745e-02, 3.2400000000e+00
-1.0819513453e-01, 3.2500000000e+00
-1.1813085589e-01, 3.2600000000e+00
-1.2805476427e-01, 3.2700000000e+00
-1.3796586727e-01, 3.2800000000e+00
-1.4786317380e-01, 3.2900000000e+00
-1.5774569414e-01, 3.3000000000e+00
-1.6761244004e-01, 3.3100000000e+00
-1.7746242484e-01, 3.3200000000e+00
-1.8729466354e-01, 3.3300000000e+00
-1.9710817293e-01, 3.3400000000e+00
-2.0690197167e-01, 3.3500000000e+00
-2.1667508039e-01, 3.3600000000e+00
-2.2642652177e-01, 3.3700000000e+00
-2.3615532070e-01, 3.3800000000e+00
-2.4586050428e-01, 3.3900000000e+00
-2.5554110203e-01, 3.4000000000e+00
-2.6519614587e-01, 3.4100000000e+00
-2.7482467032e-01, 3.4200000000e+00
-2.8442571254e-01, 3.4300000000e+00
-2.9399831242e-01, 3.4400000000e+00
-3.0354151271e-01, 3.4500000000e+00
-3.1305435910e-01, 3.4600000000e+00
-3.2253590032e-01, 3.4700000000e+00
-3.3198518822e-01, 3.4800000000e+00
-3.4140127788e-01, 3.4900000000e+00
-3.5078322769e-01, 3.5000000000e+00
-3.6013009947e-01, 3.5100000000e+00
-3.6944095854e-01, 3.5200000000e+00
-3.7871487383e-01, 3.5300000000e+00
-3.8795091794e-01, 3.5400000000e+00
-3.9714816729e-01, 3.5500000000e+00
-4.0630570214e-01, 3.5600000000e+00
-4.1542260677e-01, 3.5700000000e+00
-4.2449796948e-01, 3.5800000000e+00
-4.3353088275e-01, 3.5900000000e+00
-4.4252044329e-01, 3.6000000000e+00
-4.5146575216e-01, 3.6100000000e+00
-4.6036591483e-01, 3.6200000000e+00
-4.6922004129e-01, 3.6300000000e+00
-4.7802724614e-01, 3.6400000000e+00
-4.8678664866e-01, 3.6500000000e+00
-4.9549737292e-01, 3.6600000000e+00
-5.0415854785e-01, 3.6700000000e+00
-5.1276930736e-01, 3.6800000000e+00
-5.2132879035e-01, 3.6900000000e+00
-5.2983614091e-01, 3.7000000000e+00
-5.3829050829e-01, 3.7100000000e+00
-5.4669104707e-01, 3.7200000000e+00
-5.5503691720e-01, 3.7300000000e+00
-5.6332728410e-01, 3.7400000000e+00
-5.7156131874e-01, 3.7500000000e+00
-5.7973819773e-01, 3.7600000000e+00
-5.8785710338e-01, 3.7700000000e+00
-5.9591722381e-01, 3.7800000000e+00
-6.0391775301e-01, 3.7900000000e+00
-6.1185789094e-01, 3.8000000000e+00
-6.1973684359e-01, 3.8100000000e+00
-6.2755382308e-01, 3.8200000000e+00
-6.3530804770e-01, 3.8300000000e+00
-6.4299874205e-01, 3.8400000000e+00
-6.5062513707e-01, 3.8500000000e+00
-6.5818647010e-01, 3.8600000000e+00
-6.6568198505e-01, 3.8700000000e+00
-6.7311093234e-01, 3.8800000000e+00
-6.8047256911e-01, 3.8900000000e+00
-6.8776615918e-01, 3.9000000000e+00
-6.9499097322e-01, 3.9100000000e+00
-7.0214628873e-01, 3.9200000000e+00
-7.0923139020e-01, 3.9300000000e+00
-7.1624556912e-01, 3.9400000000e+00
-7.2318812409e-01, 3.9500000000e+00
-7.3005836084e-01, 3.9600000000e+00
-7.3685559236e-01, 3.9700000000e+00
-7.4357913894e-01, 3.9800000000e+00
-7.5022832823e-01, 3.9900000000e+00
-7.5680249531e-01, 4.0000000000e+00
-7.6330098277e-01, 4.0100000000e+00
-7.6972314076e-01, 4.0200000000e+00
-7.7606832709e-01, 4.0300000000e+00
-7.8233590723e-01, 4.0400000000e+00
-7.8852525443e-01, 4.0500000000e+00
-7.9463574976e-01, 4.0600000000e+00
-8.0066678218e-01, 4.0700000000e+00
-8.0661774858e-01, 4.0800000000e+00
-8.1248805389e-01, 4.0900000000e+00
-8.1827711106e-01, 4.1000000000e+00
-8.2398434121e-01, 4.1100000000e+00
-8.2960917361e-01, 4.1200000000e+00
-8.3515104579e-01, 4.1300000000e+00
-8.4060940355e-01, 4.1400000000e+00
-8.4598370108e-01, 4.1500000000e+00
-8.5127340094e-01, 4.1600000000e+00
-8.5647797417e-01, 4.1700000000e+00
-8.6159690031e-01, 4.1800000000e+00
-8.6662966748e-01, 4.1900000000e+00
-8.7157577241e-01, 4.2000000000e+00
-8.7643472049e-01, 4.2100000000e+00
-8.8120602583e-01, 4.2200000000e+00
-8.8588921130e-01, 4.2300000000e+00
-8.9048380858e-01, 4.2400000000e+00
-8.9498935823e-01, 4.2500000000e+00
-8.9940540969e-01, 4.2600000000e+00
-9.0373152135e-01, 4.2700000000e+00
-9.0796726062e-01, 4.2800000000e+00
-9.1211220391e-01, 4.2900000000e+00
-9.1616593675e-01, 4.3000000000e+00
-9.2012805376e-01, 4.3100000000e+00
-9.2399815872e-01, 4.3200000000e+00
-9.2777586464e-01, 4.3300000000e+00
-9.3146079375e-01, 4.3400000000e+00
-9.3505257756e-01, 4.3500000000e+00
-9.3855085689e-01, 4.3600000000e+00
-9.4195528191e-01, 4.3700000000e+00
-9.4526551219e-01, 4.3800000000e+00
-9.4848121670e-01, 4.3900000000e+00
-9.5160207389e-01, 4.4000000000e+00
-9.5462777166e-01, 4.4100000000e+00
-9.5755800745e-01, 4.4200000000e+00
-9.6039248824e-01, 4.4300000000e+00
-9.6313093057e-01, 4.4400000000e+00
-9.6577306062e-01, 4.4500000000e+00
-9.6831861417e-01, 4.4600000000e+00
-9.7076733666e-01, 4.4700000000e+00
-9.7311898323e-01, 4.4800000000e+00
-9.7537331870e-01, 4.4900000000e+00
-9.7753011767e-01, 4.5000000000e+00
-9.7958916443e-01, 4.5100000000e+00
-9.8155025309e-01, 4.5200000000e+00
-9.8341318755e-01, 4.5300000000e+00
-9.8517778150e-01, 4.5400000000e+00
-9.8684385850e-01, 4.5500000000e+00
-9.8841125194e-01, 4.5600000000e+00
-9.8987980507e-01, 4.5700000000e+00
-9.9124937105e-01, 4.5800000000e+00
-9.9251981292e-01, 4.5900000000e+00
-9.9369100363e-01, 4.6000000000e+00
-9.9476282607e-01, 4.6100000000e+00
-9.9573517306e-01, 4.6200000000e+00
-9.9660794736e-01, 4.6300000000e+00
-9.9738106170e-01, 4.6400000000e+00
-9.9805443876e-01, 4.6500000000e+00
-9.9862801121e-01, 4.6600000000e+00
-9.9910172169e-01, 4.6700000000e+00
-9.9947552283e-01, 4.6800000000e+00
-9.9974937725e-01, 4.6900000000e+00
-9.9992325756e-01, 4.7000000000e+00
-9.9999714639e-01, 4.7100000000e+00
-9.9997103633e-01, 4.7200000000e+00
-9.9984493000e-01, 4.7300000000e+00
-9.9961884001e-01, 4.7400000000e+00
-9.9929278898e-01, 4.7500000000e+00
-9.9886680949e-01, 4.7600000000e+00
-9.9834094416e-01, 4.7700000000e+00
-9.9771524556e-01, 4.7800000000e+00
-9.9698977627e-01, 4.7900000000e+00
-9.9616460884e-01, 4.8000000000e+00
-9.9523982577e-01, 4.8100000000e+00
-9.9421551955e-01, 4.8200000000e+00
-9.9309179261e-01, 4.8300000000e+00
-9.9186875731e-01, 4.8400000000e+00
-9.9054653597e-01, 4.8500000000e+00
-9.8912526079e-01, 4.8600000000e+00
-9.8760507392e-01, 4.8700000000e+00
-9.8598612736e-01, 4.8800000000e+00
-9.8426858301e-01, 4.8900000000e+00
-9.8245261262e-01, 4.9000000000e+00
-9.8053839779e-01, 4.9100000000e+00
-9.7852612994e-01, 4.9200000000e+00
-9.7641601029e-01, 4.9300000000e+00
-9.7420824985e-01, 4.9400000000e+00
-9.7190306940e-01, 4.9500000000e+00
-9.6950069945e-01, 4.9600000000e+00
-9.6700138024e-01, 4.9700000000e+00
-9.6440536170e-01, 4.9800000000e+00
-9.6171290343e-01, 4.9900000000e+00
-9.5892427466e-01, 5.0000000000e+00
-9.5603975427e-01, 5.0100000000e+00
-9.5305963070e-01, 5.0200000000e+00
-9.4998420196e-01, 5.0300000000e+00
-9.4681377559e-01, 5.0400000000e+00
-9.4354866864e-01, 5.0500000000e+00
-9.4018920760e-01, 5.0600000000e+00
-9.3673572842e-01, 5.0700000000e+00
-9.3318857646e-01, 5.0800000000e+00
-9.2954810641e-01, 5.0900000000e+00
-9.2581468233e-01, 5.1000000000e+00
-9.2198867755e-01, 5.1100000000e+00
-9.1807047467e-01, 5.1200000000e+00
-9.1406046551e-01, 5.1300000000e+00
-9.0995905106e-01, 5.1400000000e+00
-9.0576664147e-01, 5.1500000000e+00
-9.0148365597e-01, 5.1600000000e+00
-8.9711052285e-01, 5.1700000000e+00
-8.9264767943e-01, 5.1800000000e+00
-8.8809557198e-01, 5.1900000000e+00
-8.8345465572e-01, 5.2000000000e+00
-8.7872539473e-01, 5.2100000000e+00
-8.7390826193e-01, 5.2200000000e+00
-8.6900373903e-01, 5.2300000000e+00
-8.6401231649e-01, 5.2400000000e+00
-8.5893449343e-01, 5.2500000000e+00
-8.5377077763e-01, 5.2600000000e+00
-8.4852168548e-01, 5.2700000000e+00
-8.4318774186e-01, 5.2800000000e+00
-8.3776948017e-01, 5.2900000000e+00
-8.3226744222e-01, 5.3000000000e+00
-8.2668217823e-01, 5.3100000000e+00
-8.2101424671e-01, 5.3200000000e+00
-8.1526421445e-01, 5.3300000000e+00
-8.0943265645e-01, 5.3400000000e+00
-8.0352015585e-01, 5.3500000000e+00
-7.9752730391e-01, 5.3600000000e+00
-7.9145469991e-01, 5.3700000000e+00
-7.8530295109e-01, 5.3800000000e+00
-7.7907267263e-01, 5.3900000000e+00
-7.7276448756e-01, 5.4000000000e+00
-7.6637902668e-01, 5.4100000000e+00
-7.5991692853e-01, 5.4200000000e+00
-7.5337883933e-01, 5.4300000000e+00
-7.4676541287e-01, 5.4400000000e+00
-7.4007731049e-01, 5.4500000000e+00
-7.3331520100e-01, 5.4600000000e+00
-7.2647976059e-01, 5.4700000000e+00
-7.1957167282e-01, 5.4800000000e+00
-7.1259162848e-01, 5.4900000000e+00
-7.0554032557e-01, 5.5000000000e+00
-6.9841846922e-01, 5.5100000000e+00
-6.9122677160e-01, 5.5200000000e+00
-6.8396595188e-01, 5.5300000000e+00
-6.7663673613e-01, 5.5400000000e+00
-6.6923985728e-01, 5.5500000000e+00
-6.6177605499e-01, 5.5600000000e+00
-6.5424607566e-01, 5.5700000000e+00
-6.4665067226e-01, 5.5800000000e+00
-6.3899060433e-01, 5.5900000000e+00
-6.3126663787e-01, 5.6000000000e+00
-6.2347954528e-01, 5.6100000000e+00
-6.1563010525e-01, 5.6200000000e+00
-6.0771910272e-01, 5.6300000000e+00
-5.9974732879e-01, 5.6400000000e+00
-5.9171558063e-01, 5.6500000000e+00
-5.8362466140e-01, 5.6600000000e+00
-5.7547538020e-01, 5.6700000000e+00
-5.6726855193e-01, 5.6800000000e+00
-5.5900499728e-01, 5.6900000000e+00
-5.5068554260e-01, 5.7000000000e+00
-5.4231101982e-01, 5.7100000000e+00
-5.3388226639e-01, 5.7200000000e+00
-5.2540012518e-01, 5.7300000000e+00
-5.1686544440e-01, 5.7400000000e+00
-5.0827907750e-01, 5.7500000000e+00
-4.9964188312e-01, 5.7600000000e+00
-4.9095472496e-01, 5.7700000000e+00
-4.8221847174e-01, 5.7800000000e+00
-4.7343399708e-01, 5.7900000000e+00
-4.6460217941e-01, 5.8000000000e+00
-4.5572390191e-01, 5.8100000000e+00
-4.4680005241e-01, 5.8200000000e+00
-4.3783152326e-01, 5.8300000000e+00
-4.2881921133e-01, 5.8400000000e+00
-4.1976401784e-01, 5.8500000000e+00
-4.1066684829e-01, 5.8600000000e+00
-4.0152861241e-01, 5.8700000000e+00
-3.9235022399e-01, 5.8800000000e+00
-3.8313260088e-01, 5.8900000000e+00
-3.7387666483e-01, 5.9000000000e+00
-3.6458334142e-01, 5.9100000000e+00
-3.5525355999e-01, 5.9200000000e+00
-3.4588825349e-01, 5.9300000000e+00
-3.3648835846e-01, 5.9400000000e+00
-3.2705481487e-01, 5.9500000000e+00
-3.1758856607e-01, 5.9600000000e+00
-3.0809055868e-01, 5.9700000000e+00
-2.9856174249e-01, 5.9800000000e+00
-2.8900307038e-01, 5.9900000000e+00
-2.7941549820e-01, 6.0000000000e+00
-2.6979998470e-01, 6.0100000000e+00
-2.6015749143e-01, 6.0200000000e+00
-2.5048898263e-01, 6.0300000000e+00
-2.4079542513e-01, 6.0400000000e+00
-2.3107778830e-01, 6.0500000000e+00
-2.2133704388e-01, 6.0600000000e+00
-2.1157416594e-01, 6.0700000000e+00
-2.0179013076e-01, 6.0800000000e+00
-1.9198591673e-01, 6.0900000000e+00
-1.8216250427e-01, 6.1000000000e+00
-1.7232087572e-01, 6.1100000000e+00
-1.6246201522e-01, 6.1200000000e+00
-1.5258690865e-01, 6.1300000000e+00
-1.4269654352e-01, 6.1400000000e+00
-1.3279190885e-01, 6.1500000000e+00
-1.2287399511e-01, 6.1600000000e+00
-1.1294379406e-01, 6.1700000000e+00
-1.0300229874e-01, 6.1800000000e+00
-9.3050503263e-02, 6.1900000000e+00
-8.3089402817e-02, 6.2000000000e+00
-7.3119993501e-02, 6.2100000000e+00
-6.3143272247e-02, 6.2200000000e+00
-5.3160236717e-02, 6.2300000000e+00
-4.3171885209e-02, 6.2400000000e+00
-3.3179216548e-02, 6.2500000000e+00
-2.3183229992e-02, 6.2600000000e+00
-1.3184925134e-02, 6.2700000000e+00
-3.1853017931e-03, 6.2800000000e+00
6.8146400748e-03, 6.2900000000e+00
1.6813900484e-02, 6.3000000000e+00
2.6811479518e-02, 6.3100000000e+00
3.6806377426e-02, 6.3200000000e+00
4.6797594727e-02, 6.3300000000e+00
5.6784132307e-02, 6.3400000000e+00
6.6764991522e-02, 6.3500000000e+00
7.6739174293e-02, 6.3600000000e+00
8.6705683210e-02, 6.3700000000e+00
9.6663521631e-02, 6.3800000000e+00
1.0661169378e-01, 6.3900000000e+00
1.1654920485e-01, 6.4000000000e+00
1.2647506110e-01, 6.4100000000e+00
1.3638826994e-01, 6.4200000000e+00
1.4628784007e-01, 6.4300000000e+00
1.5617278154e-01, 6.4400000000e+00
1.6604210586e-01, 6.4500000000e+00
1.7589482611e-01, 6.4600000000e+00
1.8572995703e-01, 6.4700000000e+00
1.9554651510e-01, 6.4800000000e+00
2.0534351868e-01, 6.4900000000e+00
2.1511998809e-01, 6.5000000000e+00
2.2487494567e-01, 6.5100000000e+00
2.3460741595e-01, 6.5200000000e+00
2.4431642568e-01, 6.5300000000e+00
2.5400100397e-01, 6.5400000000e+00
2.6366018237e-01, 6.5500000000e+00
2.7329299498e-01, 6.5600000000e+00
2.8289847851e-01, 6.5700000000e+00
2.9247567243e-01, 6.5800000000e+00
3.0202361903e-01, 6.5900000000e+00
3.1154136351e-01, 6.6000000000e+00
3.2102795412e-01, 6.6100000000e+00
3.3048244221e-01, 6.6200000000e+00
3.3990388232e-01, 6.6300000000e+00
3.4929133233e-01, 6.6400000000e+00
3.5864385349e-01, 6.6500000000e+00
3.6796051057e-01, 6.6600000000e+00
3.7724037191e-01, 6.6700000000e+00
3.8648250952e-01, 6.6800000000e+00
3.9568599920e-01, 6.6900000000e+00
4.0484992062e-01, 6.7000000000e+00
4.1397335738e-01, 6.7100000000e+00
4.2305539714e-01, 6.7200000000e+00
4.3209513172e-01, 6.7300000000e+00
4.4109165715e-01, 6.7400000000e+00
4.5004407378e-01, 6.7500000000e+00
4.5895148638e-01, 6.7600000000e+00
4.6781300421e-01, 6.7700000000e+00
4.7662774113e-01, 6.7800000000e+00
4.8539481567e-01, 6.7900000000e+00
4.9411335114e-01, 6.8000000000e+00
5.0278247568e-01, 6.8100000000e+00
5.1140132240e-01, 6.8200000000e+00
5.1996902940e-01, 6.8300000000e+00
5.2848473994e-01, 6.8400000000e+00
5.3694760245e-01, 6.8500000000e+00
5.4535677064e-01, 6.8600000000e+00
5.5371140361e-01, 6.8700000000e+00
5.6201066590e-01, 6.8800000000e+00
5.7025372759e-01, 6.8900000000e+00
5.7843976439e-01, 6.9000000000e+00
5.8656795769e-01, 6.9100000000e+00
5.9463749468e-01, 6.9200000000e+00
6.0264756842e-01, 6.9300000000e+00
6.1059737791e-01, 6.9400000000e+00
6.1848612816e-01, 6.9500000000e+00
6.2631303032e-01, 6.9600000000e+00
6.3407730170e-01, 6.9700000000e+00
6.4177816587e-01, 6.9800000000e+00
6.4941485277e-01, 6.9900000000e+00
6.5698659872e-01, 7.0000000000e+00
6.6449264656e-01, 7.0100000000e+00
6.7193224568e-01, 7.0200000000e+00
6.7930465214e-01, 7.0300000000e+00
6.8660912871e-01, 7.0400000000e+00
6.9384494493e-01, 7.0500000000e+00
7.0101137724e-01, 7.0600000000e+00
7.0810770899e-01, 7.0700000000e+00
7.1513323056e-01, 7.0800000000e+00
7.2208723940e-01, 7.0900000000e+00
7.2896904013e-01, 7.1000000000e+00
7.3577794455e-01, 7.1100000000e+00
7.4251327180e-01, 7.1200000000e+00
7.4917434833e-01, 7.1300000000e+00
7.5576050806e-01, 7.1400000000e+00
7.6227109236e-01, 7.1500000000e+00
7.6870545019e-01, 7.1600000000e+00
7.7506293812e-01, 7.1700000000e+00
7.8134292040e-01, 7.1800000000e+00
7.8754476903e-01, 7.1900000000e+00
7.9366786385e-01, 7.2000000000e+00
7.9971159254e-01, 7.2100000000e+00
8.0567535074e-01, 7.2200000000e+00
8.1155854207e-01, 7.2300000000e+00
8.1736057823e-01, 7.2400000000e+00
8.2308087901e-01, 7.2500000000e+00
8.2871887239e-01, 7.2600000000e+00
8.3427399457e-01, 7.2700000000e+00
8.3974569005e-01, 7.2800000000e+00
8.4513341166e-01, 7.2900000000e+00
8.5043662063e-01, 7.3000000000e+00
8.5565478665e-01, 7.3100000000e+00
8.6078738790e-01, 7.3200000000e+00
8.6583391113e-01, 7.3300000000e+00
8.7079385169e-01, 7.3400000000e+00
8.7566671359e-01, 7.3500000000e+00
8.8045200955e-01, 7.3600000000e+00
8.8514926105e-01, 7.3700000000e+00
8.8975799835e-01, 7.3800000000e+00
8.9427776060e-01, 7.3900000000e+00
8.9870809581e-01, 7.4000000000e+00
9.0304856097e-01, 7.4100000000e+00
9.0729872202e-01, 7.4200000000e+00
9.1145815395e-01, 7.4300000000e+00
9.1552644083e-01, 7.4400000000e+00
9.1950317583e-01, 7.4500000000e+00
9.2338796128e-01, 7.4600000000e+00
9.2718040870e-01, 7.4700000000e+00
9.3088013885e-01, 7.4800000000e+00
9.3448678176e-01, 7.4900000000e+00
9.3799997677e-01, 7.5000000000e+00
9.4141937257e-01, 7.5100000000e+00
9.4474462722e-01, 7.5200000000e+00
9.4797540819e-01, 7.5300000000e+00
9.5111139241e-01, 7.5400000000e+00
9.5415226628e-01, 7.5500000000e+00
9.5709772572e-01, 7.5600000000e+00
9.5994747619e-01, 7.5700000000e+00
9.6270123270e-01, 7.5800000000e+00
9.6535871990e-01, 7.5900000000e+00
9.6791967203e-01, 7.6000000000e+00
9.7038383300e-01, 7.6100000000e+00
9.7275095640e-01, 7.6200000000e+00
9.7502080550e-01, 7.6300000000e+00
9.7719315335e-01, 7.6400000000e+00
9.7926778269e-01, 7.6500000000e+00
9.8124448606e-01, 7.6600000000e+00
9.8312306581e-01, 7.6700000000e+00
9.8490333407e-01, 7.6800000000e+00
9.8658511282e-01, 7.6900000000e+00
9.8816823388e-01, 7.7000000000e+00
9.8965253894e-01, 7.7100000000e+00
9.9103787956e-01, 7.7200000000e+00
9.9232411723e-01, 7.7300000000e+00
9.9351112331e-01, 7.7400000000e+00
9.9459877911e-01, 7.7500000000e+00
9.9558697586e-01, 7.7600000000e+00
9.9647561474e-01, 7.7700000000e+00
9.9726460689e-01, 7.7800000000e+00
9.9795387341e-01, 7.7900000000e+00
9.9854334537e-01, 7.8000000000e+00
9.9903296384e-01, 7.8100000000e+00
9.9942267983e-01, 7.8200000000e+00
9.9971245440e-01, 7.8300000000e+00
9.9990225855e-01, 7.8400000000e+00
9.9999207331e-01, 7.8500000000e+00
9.9998188969e-01, 7.8600000000e+00
9.9987170872e-01, 7.8700000000e+00
9.9966154141e-01, 7.8800000000e+00
9.9935140878e-01, 7.8900000000e+00
9.9894134184e-01, 7.9000000000e+00
9.9843138160e-01, 7.9100000000e+00
9.9782157905e-01, 7.9200000000e+00
9.9711199518e-01, 7.9300000000e+00
9.9630270094e-01, 7.9400000000e+00
9.9539377726e-01, 7.9500000000e+00
9.9438531503e-01, 7.9600000000e+00
9.9327741510e-01, 7.9700000000e+00
9.9207018825e-01, 7.9800000000e+00
9.9076375521e-01, 7.9900000000e+00
9.8935824662e-01, 8.0000000000e+00
9.8785380304e-01, 8.0100000000e+00
9.8625057489e-01, 8.0200000000e+00
9.8454872251e-01, 8.0300000000e+00
9.8274841608e-01, 8.0400000000e+00
9.8084983562e-01, 8.0500000000e+00
9.7885317100e-01, 8.0600000000e+00
9.7675862188e-01, 8.0700000000e+00
9.7456639770e-01, 8.0800000000e+00
9.7227671771e-01, 8.0900000000e+00
9.6988981085e-01, 8.1000000000e+00
9.6740591581e-01, 8.1100000000e+00
9.6482528099e-01, 8.1200000000e+00
9.6214816445e-01, 8.1300000000e+00
9.5937483389e-01, 8.1400000000e+00
9.5650556665e-01, 8.1500000000e+00
9.5354064965e-01, 8.1600000000e+00
9.5048037938e-01, 8.1700000000e+00
9.4732506186e-01, 8.1800000000e+00
9.4407501263e-01, 8.1900000000e+00
9.4073055668e-01, 8.2000000000e+00
9.3729202846e-01, 8.2100000000e+00
9.3375977182e-01, 8.2200000000e+00
9.3013413998e-01, 8.2300000000e+00
9.2641549550e-01, 8.2400000000e+00
9.2260421024e-01, 8.2500000000e+00
9.1870066533e-01, 8.2600000000e+00
9.1470525112e-01, 8.2700000000e+00
9.1061836715e-01, 8.2800000000e+00
9.0644042209e-01, 8.2900000000e+00
9.0217183376e-01, 8.3000000000e+00
8.9781302899e-01, 8.3100000000e+00
8.9336444366e-01, 8.3200000000e+00
8.8882652264e-01, 8.3300000000e+00
8.8419971970e-01, 8.3400000000e+00
8.7948449753e-01, 8.3500000000e+00
8.7468132764e-01, 8.3600000000e+00
8.6979069035e-01, 8.3700000000e+00
8.6481307472e-01, 8.3800000000e+00
8.5974897849e-01, 8.3900000000e+00
8.5459890809e-01, 8.4000000000e+00
8.4936337851e-01, 8.4100000000e+00
8.4404291329e-01, 8.4200000000e+00
8.3863804449e-01, 8.4300000000e+00
8.3314931259e-01, 8.4400000000e+00
8.2757726644e-01, 8.4500000000e+00
8.2192246326e-01, 8.4600000000e+00
8.1618546852e-01, 8.4700000000e+00
8.1036685591e-01, 8.4800000000e+00
8.0446720729e-01, 8.4900000000e+00
7.9848711262e-01, 8.5000000000e+00
7.9242716991e-01, 8.5100000000e+00
7.8628798514e-01, 8.5200000000e+00
7.8007017222e-01, 8.5300000000e+00
7.7377435294e-01, 8.5400000000e+00
7.6740115687e-01, 8.5500000000e+00
7.6095122132e-01, 8.5600000000e+00
7.5442519128e-01, 8.5700000000e+00
7.4782371935e-01, 8.5800000000e+00
7.4114746568e-01, 8.5900000000e+00
7.3439709787e-01, 8.6000000000e+00
7.2757329097e-01, 8.6100000000e+00
7.2067672735e-01, 8.6200000000e+00
7.1370809665e-01, 8.6300000000e+00
7.0666809574e-01, 8.6400000000e+00
6.9955742860e-01, 8.6500000000e+00
6.9237680631e-01, 8.6600000000e+00
6.8512694691e-01, 8.6700000000e+00
6.7780857539e-01, 8.6800000000e+00
6.7042242358e-01, 8.6900000000e+00
6.6296923008e-01, 8.7000000000e+00
6.5544974021e-01, 8.7100000000e+00
6.4786470592e-01, 8.7200000000e+00
6.4021488569e-01, 8.7300000000e+00
6.3250104451e-01, 8.7400000000e+00
6.2472395375e-01, 8.7500000000e+00
6.1688439112e-01, 8.7600000000e+00
6.0898314056e-01, 8.7700000000e+00
6.0102099220e-01, 8.7800000000e+00
5.9299874223e-01, 8.7900000000e+00
5.8491719289e-01, 8.8000000000e+00
5.7677715232e-01, 8.8100000000e+00
5.6857943451e-01, 8.8200000000e+00
5.6032485923e-01, 8.8300000000e+00
5.5201425193e-01, 8.8400000000e+00
5.4364844367e-01, 8.8500000000e+00
5.3522827101e-01, 8.8600000000e+00
5.2675457598e-01, 8.8700000000e+00
5.1822820592e-01, 8.8800000000e+00
5.0965001348e-01, 8.8900000000e+00
5.0102085646e-01, 8.9000000000e+00
4.9234159777e-01, 8.9100000000e+00
4.8361310533e-01, 8.9200000000e+00
4.7483625199e-01, 8.9300000000e+00
4.6601191541e-01, 8.9400000000e+00
4.5714097804e-01, 8.9500000000e+00
4.4822432694e-01, 8.9600000000e+00
4.3926285379e-01, 8.9700000000e+00
4.3025745471e-01, 8.9800000000e+00
4.2120903025e-01, 8.9900000000e+00
4.1211848524e-01, 9.0000000000e+00
4.0298672872e-01, 9.0100000000e+00
3.9381467387e-01, 9.0200000000e+00
3.8460323788e-01, 9.0300000000e+00
3.7535334188e-01, 9.0400000000e+00
3.6606591086e-01, 9.0500000000e+00
3.5674187356e-01, 9.0600000000e+00
3.4738216236e-01, 9.0700000000e+00
3.3798771324e-01, 9.0800000000e+00
3.2855946563e-01, 9.0900000000e+00
3.1909836235e-01, 9.1000000000e+00
3.0960534950e-01, 9.1100000000e+00
3.0008137637e-01, 9.1200000000e+00
2.9052739535e-01, 9.1300000000e+00
2.8094436183e-01, 9.1400000000e+00
2.7133323411e-01, 9.1500000000e+00
2.6169497330e-01, 9.1600000000e+00
2.5203054320e-01, 9.1700000000e+00
2.4234091027e-01, 9.1800000000e+00
2.3262704344e-01, 9.1900000000e+00
2.2288991410e-01, 9.2000000000e+00
2.1313049596e-01, 9.2100000000e+00
2.0334976494e-01, 9.2200000000e+00
1.9354869912e-01, 9.2300000000e+00
1.8372827859e-01, 9.2400000000e+00
1.7388948538e-01, 9.2500000000e+00
1.6403330337e-01, 9.2600000000e+00
1.5416071817e-01, 9.2700000000e+00
1.4427271702e-01, 9.2800000000e+00
1.3437028872e-01, 9.2900000000e+00
1.2445442351e-01, 9.3000000000e+00
1.1452611295e-01, 9.3100000000e+00
1.0458634988e-01, 9.3200000000e+00
9.4636128266e-02, 9.3300000000e+00
8.4676443115e-02, 9.3400000000e+00
7.4708290390e-02, 9.3500000000e+00
6.4732666898e-02, 9.3600000000e+00
5.4750570193e-02, 9.3700000000e+00
4.4762998477e-02, 9.3800000000e+00
3.4770950498e-02, 9.3900000000e+00
2.4775425453e-02, 9.4000000000e+00
1.4777422887e-02, 9.4100000000e+00
4.7779425901e-03, 9.4200000000e+00
-5.2220154968e-03, 9.4300000000e+00
-1.5221451386e-02, 9.4400000000e+00
-2.5219365144e-02, 9.4500000000e+00
-3.5214756985e-02, 9.4600000000e+00
-4.5206627381e-02, 9.4700000000e+00
-5.5193977151e-02, 9.4800000000e+00
-6.5175807570e-02, 9.4900000000e+00
-7.5151120462e-02, 9.5000000000e+00
-8.5118918305e-02, 9.5100000000e+00
-9.5078204326e-02, 9.5200000000e+00
-1.0502798261e-01, 9.5300000000e+00
-1.1496725818e-01, 9.5400000000e+00
-1.2489503712e-01, 9.5500000000e+00
-1.3481032666e-01, 9.5600000000e+00
-1.4471213528e-01, 9.5700000000e+00
-1.5459947280e-01, 9.5800000000e+00
-1.6447135051e-01, 9.5900000000e+00
-1.7432678122e-01, 9.6000000000e+00
-1.8416477940e-01, 9.6100000000e+00
-1.9398436125e-01, 9.6200000000e+00
-2.0378454483e-01, 9.6300000000e+00
-2.1356435013e-01, 9.6400000000e+00
-2.2332279916e-01, 9.6500000000e+00
-2.3305891611e-01, 9.6600000000e+00
-2.4277172735e-01, 9.6700000000e+00
-2.5246026163e-01, 9.6800000000e+00
-2.6212355009e-01, 9.6900000000e+00
-2.7176062641e-01, 9.7000000000e+00
-2.8137052690e-01, 9.7100000000e+00
-2.9095229057e-01, 9.7200000000e+00
-3.0050495925e-01, 9.7300000000e+00
-3.1002757769e-01, 9.7400000000e+00
-3.1951919362e-01, 9.7500000000e+00
-3.2897885791e-01, 9.7600000000e+00
-3.3840562458e-01, 9.7700000000e+00
-3.4779855097e-01, 9.7800000000e+00
-3.5715669780e-01, 9.7900000000e+00
-3.6647912925e-01, 9.8000000000e+00
-3.7576491310e-01, 9.8100000000e+00
-3.8501312077e-01, 9.8200000000e+00
-3.9422282745e-01, 9.8300000000e+00
-4.0339311217e-01, 9.8400000000e+00
-4.1252305792e-01, 9.8500000000e+00
-4.2161175170e-01, 9.8600000000e+00
-4.3065828467e-01, 9.8700000000e+00
-4.3966175216e-01, 9.8800000000e+00
-4.4862125384e-01, 9.8900000000e+00
-4.5753589378e-01, 9.9000000000e+00
-4.6640478050e-01, 9.9100000000e+00
-4.7522702713e-01, 9.9200000000e+00
-4.8400175146e-01, 9.9300000000e+00
-4.9272807602e-01, 9.9400000000e+00
-5.0140512818e-01, 9.9500000000e+00
-5.1003204024e-01, 9.9600000000e+00
-5.1860794953e-01, 9.9700000000e+00
-5.2713199845e-01, 9.9800000000e+00
-5.3560333461e-01, 9.9900000000e+00
-5.4402111089e-01, 1.0000000000e+01
-5.5238448551e-01, 1.0010000000e+01
-5.6069262214e-01, 1.0020000000e+01
-5.6894468997e-01, 1.0030000000e+01
-5.7713986381e-01, 1.0040000000e+01
-5.8527732414e-01, 1.0050000000e+01
-5.9335625723e-01, 1.0060000000e+01
-6.0137585519e-01, 1.0070000000e+01
-6.0933531606e-01, 1.0080000000e+01
-6.1723384391e-01, 1.0090000000e+01
-6.2507064889e-01, 1.0100000000e+01
-6.3284494733e-01, 1.0110000000e+01
-6.4055596180e-01, 1.0120000000e+01
-6.4820292120e-01, 1.0130000000e+01
-6.5578506086e-01, 1.0140000000e+01
-6.6330162255e-01, 1.0150000000e+01
-6.7075185464e-01, 1.0160000000e+01
-6.7813501209e-01, 1.0170000000e+01
-6.8545035662e-01, 1.0180000000e+01
-6.9269715667e-01, 1.0190000000e+01
-6.9987468759e-01, 1.0200000000e+01
-7.0698223163e-01, 1.0210000000e+01
-7.1401907803e-01, 1.0220000000e+01
-7.2098452311e-01, 1.0230000000e+01
-7.2787787035e-01, 1.0240000000e+01
-7.3469843040e-01, 1.0250000000e+01
-7.4144552123e-01, 1.0260000000e+01
-7.4811846812e-01, 1.0270000000e+01
-7.5471660379e-01, 1.0280000000e+01
-7.6123926842e-01, 1.0290000000e+01
-7.6768580976e-01, 1.0300000000e+01
-7.7405558317e-01, 1.0310000000e+01
-7.8034795165e-01, 1.0320000000e+01
-7.8656228600e-01, 1.0330000000e+01
-7.9269796477e-01, 1.0340000000e+01
-7.9875437440e-01, 1.0350000000e+01
-8.0473090926e-01, 1.0360000000e+01
-8.1062697171e-01, 1.0370000000e+01
-8.1644197213e-01, 1.0380000000e+01
-8.2217532903e-01, 1.0390000000e+01
-8.2782646909e-01, 1.0400000000e+01
-8.3339482718e-01, 1.0410000000e+01
-8.3887984650e-01, 1.0420000000e+01
-8.4428097852e-01, 1.0430000000e+01
-8.4959768315e-01, 1.0440000000e+01
-8.5482942872e-01, 1.0450000000e+01
-8.5997569206e-01, 1.0460000000e+01
-8.6503595855e-01, 1.0470000000e+01
-8.7000972216e-01, 1.0480000000e+01
-8.7489648553e-01, 1.0490000000e+01
-8.7969575997e-01, 1.0500000000e+01
-8.8440706557e-01, 1.0510000000e+01
-8.8902993121e-01, 1.0520000000e+01
-8.9356389459e-01, 1.0530000000e+01
-8.9800850232e-01, 1.0540000000e+01
-9.0236330996e-01, 1.0550000000e+01
-9.0662788201e-01, 1.0560000000e+01
-9.1080179204e-01, 1.0570000000e+01
-9.1488462264e-01, 1.0580000000e+01
-9.1887596554e-01, 1.0590000000e+01
-9.2277542161e-01, 1.0600000000e+01
-9.2658260091e-01, 1.0610000000e+01
-9.3029712272e-01, 1.0620000000e+01
-9.3391861560e-01, 1.0630000000e+01
-9.3744671739e-01, 1.0640000000e+01
-9.4088107528e-01, 1.0650000000e+01
-9.4422134586e-01, 1.0660000000e+01
-9.4746719509e-01, 1.0670000000e+01
-9.5061829839e-01, 1.0680000000e+01
-9.5367434065e-01, 1.0690000000e+01
-9.5663501627e-01, 1.0700000000e+01
-9.5950002919e-01, 1.0710000000e+01
-9.6226909290e-01, 1.0720000000e+01
-9.6494193051e-01, 1.0730000000e+01
-9.6751827472e-01, 1.0740000000e+01
-9.6999786792e-01, 1.0750000000e+01
-9.7238046214e-01, 1.0760000000e+01
-9.7466581912e-01, 1.0770000000e+01
-9.7685371033e-01, 1.0780000000e+01
-9.7894391699e-01, 1.0790000000e+01
-9.8093623007e-01, 1.0800000000e+01
-9.8283045034e-01, 1.0810000000e+01
-9.8462638839e-01, 1.0820000000e+01
-9.8632386462e-01, 1.0830000000e+01
-9.8792270928e-01, 1.0840000000e+01
-9.8942276250e-01, 1.0850000000e+01
-9.9082387426e-01, 1.0860000000e+01
-9.9212590447e-01, 1.0870000000e+01
-9.9332872291e-01, 1.0880000000e+01
-9.9443220930e-01, 1.0890000000e+01
-9.9543625331e-01, 1.0900000000e+01
-9.9634075451e-01, 1.0910000000e+01
-9.9714562248e-01, 1.0920000000e+01
-9.9785077671e-01, 1.0930000000e+01
-9.9845614669e-01, 1.0940000000e+01
-9.9896167189e-01, 1.0950000000e+01
-9.9936730176e-01, 1.0960000000e+01
-9.9967299573e-01, 1.0970000000e+01
-9.9987872323e-01, 1.0980000000e+01
-9.9998446370e-01, 1.0990000000e+01
-9.9999020655e-01, 1.1000000000e+01
-9.9989595121e-01, 1.1010000000e+01
-9.9970170712e-01, 1.1020000000e+01
-9.9940749368e-01, 1.1030000000e+01
-9.9901334033e-01, 1.1040000000e+01
-9.9851928648e-01, 1.1050000000e+01
-9.9792538153e-01, 1.1060000000e+01
-9.9723168487e-01, 1.1070000000e+01
-9.9643826588e-01, 1.1080000000e+01
-9.9554520389e-01, 1.1090000000e+01
-9.9455258820e-01, 1.1100000000e+01
-9.9346051809e-01, 1.1110000000e+01
-9.9226910276e-01, 1.1120000000e+01
-9.9097846134e-01, 1.1130000000e+01
-9.8958872290e-01, 1.1140000000e+01
-9.8810002641e-01, 1.1150000000e+01
-9.8651252075e-01, 1.1160000000e+01
-9.8482636465e-01, 1.1170000000e+01
-9.8304172674e-01, 1.1180000000e+01
-9.8115878548e-01, 1.1190000000e+01
-9.7917772915e-01, 1.1200000000e+01
-9.7709875587e-01, 1.1210000000e+01
-9.7492207352e-01, 1.1220000000e+01
-9.7264789979e-01, 1.1230000000e+01
-9.7027646207e-01, 1.1240000000e+01
-9.6780799751e-01, 1.1250000000e+01
-9.6524275296e-01, 1.1260000000e+01
-9.6258098494e-01, 1.1270000000e+01
-9.5982295963e-01, 1.1280000000e+01
-9.5696895281e-01, 1.1290000000e+01
-9.5401924990e-01, 1.1300000000e+01
-9.5097414586e-01, 1.1310000000e+01
-9.4783394520e-01, 1.1320000000e+01
-9.4459896193e-01, 1.1330000000e+01
-9.4126951956e-01, 1.1340000000e+01
-9.3784595101e-01, 1.1350000000e+01
-9.3432859865e-01, 1.1360000000e+01
-9.3071781422e-01, 1.1370000000e+01
-9.2701395877e-01, 1.1380000000e+01
-9.2321740270e-01, 1.1390000000e+01
-9.1932852566e-01, 1.1400000000e+01
-9.1534771654e-01, 1.1410000000e+01
-9.1127537341e-01, 1.1420000000e+01
-9.0711190349e-01, 1.1430000000e+01
-9.0285772315e-01, 1.1440000000e+01
-8.9851325778e-01, 1.1450000000e+01
-8.9407894184e-01, 1.1460000000e+01
-8.8955521874e-01, 1.1470000000e+01
-8.8494254087e-01, 1.1480000000e+01
-8.8024136948e-01, 1.1490000000e+01
-8.7545217469e-01, 1.1500000000e+01
-8.7057543541e-01, 1.1510000000e+01
-8.6561163931e-01, 1.1520000000e+01
-8.6056128277e-01, 1.1530000000e+01
-8.5542487081e-01, 1.1540000000e+01
-8.5020291709e-01, 1.1550000000e+01
-8.4489594378e-01, 1.1560000000e+01
-8.3950448158e-01, 1.1570000000e+01
-8.3402906963e-01, 1.1580000000e+01
-8.2847025547e-01, 1.1590000000e+01
-8.2282859497e-01, 1.1600000000e+01
-8.1710465230e-01, 1.1610000000e+01
-8.1129899984e-01, 1.1620000000e+01
-8.0541221817e-01, 1.1630000000e+01
-7.9944489594e-01, 1.1640000000e+01
-7.9339762988e-01, 1.1650000000e+01
-7.8727102473e-01, 1.1660000000e+01
-7.8106569313e-01, 1.1670000000e+01
-7.7478225561e-01, 1.1680000000e+01
-7.6842134051e-01, 1.1690000000e+01
-7.6198358392e-01, 1.1700000000e+01
-7.5546962960e-01, 1.1710000000e+01
-7.4888012895e-01, 1.1720000000e+01
-7.4221574092e-01, 1.1730000000e+01
-7.3547713192e-01, 1.1740000000e+01
-7.2866497583e-01, 1.1750000000e+01
-7.2177995384e-01, 1.1760000000e+01
-7.1482275446e-01, 1.1770000000e+01
-7.0779407341e-01, 1.1780000000e+01
-7.0069461353e-01, 1.1790000000e+01
-6.9352508478e-01, 1.1800000000e+01
-6.8628620409e-01, 1.1810000000e+01
-6.7897869536e-01, 1.1820000000e+01
-6.7160328933e-01, 1.1830000000e+01
-6.6416072352e-01, 1.1840000000e+01
-6.5665174220e-01, 1.1850000000e+01
-6.4907709624e-01, 1.1860000000e+01
-6.4143754313e-01, 1.1870000000e+01
-6.3373384679e-01, 1.1880000000e+01
-6.2596677759e-01, 1.1890000000e+01
-6.1813711224e-01, 1.1900000000e+01
-6.1024563369e-01, 1.1910000000e+01
-6.0229313109e-01, 1.1920000000e+01
-5.9428039967e-01, 1.1930000000e+01
-5.8620824071e-01, 1.1940000000e+01
-5.7807746142e-01, 1.1950000000e+01
-5.6988887486e-01, 1.1960000000e+01
-5.6164329989e-01, 1.1970000000e+01
-5.5334156105e-01, 1.1980000000e+01
-5.4498448852e-01, 1.1990000000e+01
-5.3657291800e-01, 1.2000000000e+01
-5.2810769063e-01, 1.2010000000e+01
-5.1958965294e-01, 1.2020000000e+01
-5.1101965671e-01, 1.2030000000e+01
-5.0239855894e-01, 1.2040000000e+01
-4.9372722173e-01, 1.2050000000e+01
-4.8500651221e-01, 1.2060000000e+01
-4.7623730245e-01, 1.2070000000e+01
-4.6742046935e-01, 1.2080000000e+01
-4.5855689460e-01, 1.2090000000e+01
-4.4964746453e-01, 1.2100000000e+01
-4.4069307010e-01, 1.2110000000e+01
-4.3169460673e-01, 1.2120000000e+01
-4.2265297425e-01, 1.2130000000e+01
-4.1356907683e-01, 1.2140000000e+01
-4.0444382285e-01, 1.2150000000e+01
-3.9527812482e-01, 1.2160000000e+01
-3.8607289931e-01, 1.2170000000e+01
-3.7682906683e-01, 1.2180000000e+01
-3.6754755176e-01, 1.2190000000e+01
-3.5822928224e-01, 1.2200000000e+01
-3.4887519009e-01, 1.2210000000e+01
-3.3948621071e-01, 1.2220000000e+01
-3.3006328299e-01, 1.2230000000e+01
-3.2060734922e-01, 1.2240000000e+01
-3.1111935498e-01, 1.2250000000e+01
-3.0160024907e-01, 1.2260000000e+01
-2.9205098338e-01, 1.2270000000e+01
-2.8247251284e-01, 1.2280000000e+01
-2.7286579528e-01, 1.2290000000e+01
-2.6323179137e-01, 1.2300000000e+01
-2.5357146450e-01, 1.2310000000e+01
-2.4388578069e-01, 1.2320000000e+01
-2.3417570851e-01, 1.2330000000e+01
-2.2444221895e-01, 1.2340000000e+01
-2.1468628536e-01, 1.2350000000e+01
-2.0490888332e-01, 1.2360000000e+01
-1.9511099056e-01, 1.2370000000e+01
-1.8529358687e-01, 1.2380000000e+01
-1.7545765397e-01, 1.2390000000e+01
-1.6560417545e-01, 1.2400000000e+01
-1.5573413665e-01, 1.2410000000e+01
-1.4584852457e-01, 1.2420000000e+01
-1.3594832776e-01, 1.2430000000e+01
-1.2603453622e-01, 1.2440000000e+01
-1.1610814134e-01, 1.2450000000e+01
-1.0617013574e-01, 1.2460000000e+01
-9.6221513221e-02, 1.2470000000e+01
-8.6263268626e-02, 1.2480000000e+01
-7.6296397777e-02, 1.2490000000e+01
-6.6321897351e-02, 1.2500000000e+01
-5.6340764791e-02, 1.2510000000e+01
-4.6353998201e-02, 1.2520000000e+01
-3.6362596251e-02, 1.2530000000e+01
-2.6367558070e-02, 1.2540000000e+01
-1.6369883156e-02, 1.2550000000e+01
-6.3705712677e-03, 1.2560000000e+01
3.6293776729e-03, 1.2570000000e+01
1.3628963679e-02, 1.2580000000e+01
2.3627186799e-02, 1.2590000000e+01
3.3623047221e-02, 1.2600000000e+01
4.3615545366e-02, 1.2610000000e+01
5.3603681993e-02, 1.2620000000e+01
6.3586458296e-02, 1.2630000000e+01
7.3562876007e-02, 1.2640000000e+01
8.3531937491e-02, 1.2650000000e+01
9.3492645851e-02, 1.2660000000e+01
1.0344400502e-01, 1.2670000000e+01
1.1338501988e-01, 1.2680000000e+01
1.2331469634e-01, 1.2690000000e+01
1.3323204142e-01, 1.2700000000e+01
1.4313606341e-01, 1.2710000000e+01
1.5302577192e-01, 1.2720000000e+01
1.6290017797e-01, 1.2730000000e+01
1.7275829414e-01, 1.2740000000e+01
1.8259913463e-01, 1.2750000000e+01
1.9242171536e-01, 1.2760000000e+01
2.0222505407e-01, 1.2770000000e+01
2.1200817045e-01, 1.2780000000e+01
2.2177008619e-01, 1.2790000000e+01
2.3150982510e-01, 1.2800000000e+01
2.4122641323e-01, 1.2810000000e+01
2.5091887891e-01, 1.2820000000e+01
2.6058625291e-01, 1.2830000000e+01
2.7022756851e-01, 1.2840000000e+01
2.7984186158e-01, 1.2850000000e+01
2.8942817069e-01, 1.2860000000e+01
2.9898553723e-01, 1.2870000000e+01
3.0851300546e-01, 1.2880000000e+01
3.1800962265e-01, 1.2890000000e+01
3.2747443914e-01, 1.2900000000e+01
3.3690650846e-01, 1.2910000000e+01
3.4630488741e-01, 1.2920000000e+01
3.5566863616e-01, 1.2930000000e+01
3.6499681834e-01, 1.2940000000e+01
3.7428850115e-01, 1.2950000000e+01
3.8354275541e-01, 1.2960000000e+01
3.9275865572e-01, 1.2970000000e+01
4.0193528050e-01, 1.2980000000e+01
4.1107171208e-01, 1.2990000000e+01
4.2016703683e-01, 1.3000000000e+01
4.2922034522e-01, 1.3010000000e+01
4.3823073194e-01, 1.3020000000e+01
4.4719729596e-01, 1.3030000000e+01
4.5611914061e-01, 1.3040000000e+01
4.6499537373e-01, 1.3050000000e+01
4.7382510771e-01, 1.3060000000e+01
4.8260745956e-01, 1.3070000000e+01
4.9134155107e-01, 1.3080000000e+01
5.0002650884e-01, 1.3090000000e+01
5.0866146437e-01, 1.3100000000e+01
5.1724555418e-01, 1.3110000000e+01
5.2577791987e-01, 1.3120000000e+01
5.3425770820e-01, 1.3130000000e+01
5.4268407120e-01, 1.3140000000e+01
5.5105616626e-01, 1.3150000000e+01
5.5937315615e-01, 1.3160000000e+01
5.6763420919e-01, 1.3170000000e+01
5.7583849929e-01, 1.3180000000e+01
5.8398520602e-01, 1.3190000000e+01
5.9207351471e-01, 1.3200000000e+01
6.0010261654e-01, 1.3210000000e+01
6.0807170861e-01, 1.3220000000e+01
6.1597999402e-01, 1.3230000000e+01
6.2382668194e-01, 1.3240000000e+01
6.3161098772e-01, 1.3250000000e+01
6.3933213292e-01, 1.3260000000e+01
6.4698934544e-01, 1.3270000000e+01
6.5458185957e-01, 1.3280000000e+01
6.6210891605e-01, 1.3290000000e+01
6.6956976220e-01, 1.3300000000e+01
6.7696365192e-01, 1.3310000000e+01
6.8428984585e-01, 1.3320000000e+01
6.9154761136e-01, 1.3330000000e+01
6.9873622269e-01, 1.3340000000e+01
7.0585496097e-01, 1.3350000000e+01
7.1290311435e-01, 1.3360000000e+01
7.1987997802e-01, 1.3370000000e+01
7.2678485428e-01, 1.3380000000e+01
7.3361705266e-01, 1.3390000000e+01
7.4037588995e-01, 1.3400000000e+01
7.4706069027e-01, 1.3410000000e+01
7.5367078514e-01, 1.3420000000e+01
7.6020551356e-01, 1.3430000000e+01
7.6666422207e-01, 1.3440000000e+01
7.7304626479e-01, 1.3450000000e+01
7.7935100352e-01, 1.3460000000e+01
7.8557780781e-01, 1.3470000000e+01
7.9172605497e-01, 1.3480000000e+01
7.9779513019e-01, 1.3490000000e+01
8.0378442655e-01, 1.3500000000e+01
8.0969334515e-01, 1.3510000000e+01
8.1552129508e-01, 1.3520000000e+01
8.2126769356e-01, 1.3530000000e+01
8.2693196596e-01, 1.3540000000e+01
8.3251354585e-01, 1.3550000000e+01
8.3801187508e-01, 1.3560000000e+01
8.4342640383e-01, 1.3570000000e+01
8.4875659063e-01, 1.3580000000e+01
8.5400190248e-01, 1.3590000000e+01
8.5916181486e-01, 1.3600000000e+01
8.6423581176e-01, 1.3610000000e+01
8.6922338581e-01, 1.3620000000e+01
8.7412403824e-01, 1.3630000000e+01
8.7893727900e-01, 1.3640000000e+01
8.8366262676e-01, 1.3650000000e+01
8.8829960900e-01, 1.3660000000e+01
8.9284776202e-01, 1.3670000000e+01
8.9730663100e-01, 1.3680000000e+01
9.0167577007e-01, 1.3690000000e+01
9.0595474231e-01, 1.3700000000e+01
9.1014311983e-01, 1.3710000000e+01
9.1424048380e-01, 1.3720000000e+01
9.1824642448e-01, 1.3730000000e+01
9.2216054129e-01, 1.3740000000e+01
9.2598244281e-01, 1.3750000000e+01
9.2971174686e-01, 1.3760000000e+01
9.3334808050e-01, 1.3770000000e+01
9.3689108012e-01, 1.3780000000e+01
9.4034039141e-01, 1.3790000000e+01
9.4369566944e-01, 1.3800000000e+01
9.4695657870e-01, 1.3810000000e+01
9.5012279308e-01, 1.3820000000e+01
9.5319399598e-01, 1.3830000000e+01
9.5616988027e-01, 1.3840000000e+01
9.5905014837e-01, 1.3850000000e+01
9.6183451226e-01, 1.3860000000e+01
9.6452269349e-01, 1.3870000000e+01
9.6711442326e-01, 1.3880000000e+01
9.6960944240e-01, 1.3890000000e+01
9.7200750139e-01, 1.3900000000e+01
9.7430836045e-01, 1.3910000000e+01
9.7651178949e-01, 1.3920000000e+01
9.7861756815e-01, 1.3930000000e+01
9.8062548588e-01, 1.3940000000e+01
9.8253534188e-01, 1.3950000000e+01
9.8434694515e-01, 1.3960000000e+01
9.8606011456e-01, 1.3970000000e+01
9.8767467878e-01, 1.3980000000e+01
9.8919047635e-01, 1.3990000000e+01
9.9060735569e-01, 1.4000000000e+01
9.9192517513e-01, 1.4010000000e+01
9.9314380288e-01, 1.4020000000e+01
9.9426311707e-01, 1.4030000000e+01
9.9528300578e-01, 1.4040000000e+01
9.9620336702e-01, 1.4050000000e+01
9.9702410876e-01, 1.4060000000e+01
9.9774514891e-01, 1.4070000000e+01
9.9836641538e-01, 1.4080000000e+01
9.9888784604e-01, 1.4090000000e+01
9.9930938875e-01, 1.4100000000e+01
9.9963100135e-01, 1.4110000000e+01
9.9985265168e-01, 1.4120000000e+01
9.9997431759e-01, 1.4130000000e+01
9.9999598689e-01, 1.4140000000e+01
9.9991765743e-01, 1.4150000000e+01
9.9973933704e-01, 1.4160000000e+01
9.9946104354e-01, 1.4170000000e+01
9.9908280478e-01, 1.4180000000e+01
9.9860465856e-01, 1.4190000000e+01
9.9802665272e-01, 1.4200000000e+01
9.9734884504e-01, 1.4210000000e+01
9.9657130330e-01, 1.4220000000e+01
9.9569410527e-01, 1.4230000000e+01
9.9471733865e-01, 1.4240000000e+01
9.9364110113e-01, 1.4250000000e+01
9.9246550033e-01, 1.4260000000e+01
9.9119065381e-01, 1.4270000000e+01
9.8981668904e-01, 1.4280000000e+01
9.8834374343e-01, 1.4290000000e+01
9.8677196427e-01, 1.4300000000e+01
9.8510150874e-01, 1.4310000000e+01
9.8333254388e-01, 1.4320000000e+01
9.8146524658e-01, 1.4330000000e+01
9.7949980358e-01, 1.4340000000e+01
9.7743641141e-01, 1.4350000000e+01
9.7527527641e-01, 1.4360000000e+01
9.7301661470e-01, 1.4370000000e+01
9.7066065214e-01, 1.4380000000e+01
9.6820762432e-01, 1.4390000000e+01
9.6565777655e-01, 1.4400000000e+01
9.6301136380e-01, 1.4410000000e+01
9.6026865072e-01, 1.4420000000e+01
9.5742991158e-01, 1.4430000000e+01
9.5449543024e-01, 1.4440000000e+01
9.5146550016e-01, 1.4450000000e+01
9.4834042431e-01, 1.4460000000e+01
9.4512051522e-01, 1.4470000000e+01
9.4180609486e-01, 1.4480000000e+01
9.3839749468e-01, 1.4490000000e+01
9.3489505552e-01, 1.4500000000e+01
9.3129912765e-01, 1.4510000000e+01
9.2761007063e-01, 1.4520000000e+01
9.2382825339e-01, 1.4530000000e+01
9.1995405408e-01, 1.4540000000e+01
9.1598786014e-01, 1.4550000000e+01
9.1193006817e-01, 1.4560000000e+01
9.0778108396e-01, 1.4570000000e+01
9.0354132240e-01, 1.4580000000e+01
8.9921120746e-01, 1.4590000000e+01
8.9479117214e-01, 1.4600000000e+01
8.9028165845e-01, 1.4610000000e+01
8.8568311734e-01, 1.4620000000e+01
8.8099600866e-01, 1.4630000000e+01
8.7622080111e-01, 1.4640000000e+01
8.7135797221e-01, 1.4650000000e+01
8.6640800824e-01, 1.4660000000e+01
8.6137140419e-01, 1.4670000000e+01
8.5624866372e-01, 1.4680000000e+01
8.5104029909e-01, 1.4690000000e+01
8.4574683114e-01, 1.4700000000e+01
8.4036878922e-01, 1.4710000000e+01
8.3490671111e-01, 1.4720000000e+01
8.2936114304e-01, 1.4730000000e+01
8.2373263953e-01, 1.4740000000e+01
8.1802176345e-01, 1.4750000000e+01
8.1222908588e-01, 1.4760000000e+01
8.0635518607e-01, 1.4770000000e+01
8.0040065142e-01, 1.4780000000e+01
7.9436607737e-01, 1.4790000000e+01
7.8825206738e-01, 1.4800000000e+01
7.8205923283e-01, 1.4810000000e+01
7.7578819301e-01, 1.4820000000e+01
7.6943957502e-01, 1.4830000000e+01
7.6301401371e-01, 1.4840000000e+01
7.5651215164e-01, 1.4850000000e+01
7.4993463898e-01, 1.4860000000e+01
7.4328213349e-01, 1.4870000000e+01
7.3655530040e-01, 1.4880000000e+01
7.2975481239e-01, 1.4890000000e+01
7.2288134951e-01, 1.4900000000e+01
7.1593559910e-01, 1.4910000000e+01
7.0891825572e-01, 1.4920000000e+01
7.0183002111e-01, 1.4930000000e+01
6.9467160409e-01, 1.4940000000e+01
6.8744372048e-01, 1.4950000000e+01
6.8014709307e-01, 1.4960000000e+01
6.7278245152e-01, 1.4970000000e+01
6.6535053228e-01, 1.4980000000e+01
6.5785207855e-01, 1.4990000000e+01
6.5028784016e-01, 1.5000000000e+01
6.4265857352e-01, 1.5010000000e+01
6.3496504156e-01, 1.5020000000e+01
6.2720801363e-01, 1.5030000000e+01
6.1938826542e-01, 1.5040000000e+01
6.1150657890e-01, 1.5050000000e+01
6.0356374223e-01, 1.5060000000e+01
5.9556054969e-01, 1.5070000000e+01
5.8749780159e-01, 1.5080000000e+01
5.7937630420e-01, 1.5090000000e+01
5.7119686966e-01, 1.5100000000e+01
5.6296031591e-01, 1.5110000000e+01
5.5466746660e-01, 1.5120000000e+01
5.4631915100e-01, 1.5130000000e+01
5.3791620395e-01, 1.5140000000e+01
5.2945946572e-01, 1.5150000000e+01
5.2094978199e-01, 1.5160000000e+01
5.1238800371e-01, 1.5170000000e+01
5.0377498706e-01, 1.5180000000e+01
4.9511159333e-01, 1.5190000000e+01
4.8639868885e-01, 1.5200000000e+01
4.7763714491e-01, 1.5210000000e+01
4.6882783766e-01, 1.5220000000e+01
4.5997164801e-01, 1.5230000000e+01
4.5106946158e-01, 1.5240000000e+01
4.4212216858e-01, 1.5250000000e+01
4.3313066373e-01, 1.5260000000e+01
4.2409584617e-01, 1.5270000000e+01
4.1501861939e-01, 1.5280000000e+01
4.0589989108e-01, 1.5290000000e+01
3.9674057313e-01, 1.5300000000e+01
3.8754158145e-01, 1.5310000000e+01
3.7830383594e-01, 1.5320000000e+01
3.6902826035e-01, 1.5330000000e+01
3.5971578225e-01, 1.5340000000e+01
3.5036733287e-01, 1.5350000000e+01
3.4098384705e-01, 1.5360000000e+01
3.3156626313e-01, 1.5370000000e+01
3.2211552285e-01, 1.5380000000e+01
3.1263257130e-01, 1.5390000000e+01
3.0311835675e-01, 1.5400000000e+01
2.9357383061e-01, 1.5410000000e+01
2.8399994734e-01, 1.5420000000e+01
2.7439766430e-01, 1.5430000000e+01
2.6476794173e-01, 1.5440000000e+01
2.5511174259e-01, 1.5450000000e+01
2.4543003249e-01, 1.5460000000e+01
2.3572377958e-01, 1.5470000000e+01
2.2599395450e-01, 1.5480000000e+01
2.1624153020e-01, 1.5490000000e+01
2.0646748194e-01, 1.5500000000e+01
1.9667278710e-01, 1.5510000000e+01
1.8685842514e-01, 1.5520000000e+01
1.7702537750e-01, 1.5530000000e+01
1.6717462746e-01, 1.5540000000e+01
1.5730716011e-01, 1.5550000000e+01
1.4742396217e-01, 1.5560000000e+01
1.3752602195e-01, 1.5570000000e+01
1.2761432925e-01, 1.5580000000e+01
1.1768987522e-01, 1.5590000000e+01
1.0775365230e-01, 1.5600000000e+01
9.7806654105e-02, 1.5610000000e+01
8.7849875327e-02, 1.5620000000e+01
7.7884311635e-02, 1.5630000000e+01
6.7910959576e-02, 1.5640000000e+01
5.7930816478e-02, 1.5650000000e+01
4.7944880347e-02, 1.5660000000e+01
3.7954149768e-02, 1.5670000000e+01
2.7959623805e-02, 1.5680000000e+01
1.7962301903e-02, 1.5690000000e+01
7.9631837859e-03, 1.5700000000e+01
-2.0367306429e-03, 1.5710000000e+01
-1.2036441400e-02, 1.5720000000e+01
-2.2034948524e-02, 1.5730000000e+01
-3.2031252171e-02, 1.5740000000e+01
-4.2024352719e-02, 1.5750000000e+01
-5.2013250867e-02, 1.5760000000e+01
-6.1996947733e-02, 1.5770000000e+01
-7.1974444956e-02, 1.5780000000e+01
-8.1944744795e-02, 1.5790000000e+01
-9.1906850228e-02, 1.5800000000e+01
-1.0185976505e-01, 1.5810000000e+01
-1.1180249398e-01, 1.5820000000e+01
-1.2173404276e-01, 1.5830000000e+01
-1.3165341823e-01, 1.5840000000e+01
-1.4155962848e-01, 1.5850000000e+01
-1.5145168287e-01, 1.5860000000e+01
-1.6132859223e-01, 1.5870000000e+01
-1.7118936886e-01, 1.5880000000e+01
-1.8103302669e-01, 1.5890000000e+01
-1.9085858137e-01, 1.5900000000e+01
-2.0066505036e-01, 1.5910000000e+01
-2.1045145301e-01, 1.5920000000e+01
-2.2021681068e-01, 1.5930000000e+01
-2.2996014686e-01, 1.5940000000e+01
-2.3968048722e-01, 1.5950000000e+01
-2.4937685972e-01, 1.5960000000e+01
-2.5904829475e-01, 1.5970000000e+01
-2.6869382517e-01, 1.5980000000e+01
-2.7831248643e-01, 1.5990000000e+01
-2.8790331667e-01, 1.6000000000e+01
-2.9746535681e-01, 1.6010000000e+01
-3.0699765067e-01, 1.6020000000e+01
-3.1649924502e-01, 1.6030000000e+01
-3.2596918972e-01, 1.6040000000e+01
-3.3540653776e-01, 1.6050000000e+01
-3.4481034543e-01, 1.6060000000e+01
-3.5417967235e-01, 1.6070000000e+01
-3.6351358160e-01, 1.6080000000e+01
-3.7281113979e-01, 1.6090000000e+01
-3.8207141718e-01, 1.6100000000e+01
-3.9129348775e-01, 1.6110000000e+01
-4.0047642930e-01, 1.6120000000e+01
-4.0961932353e-01, 1.6130000000e+01
-4.1872125618e-01, 1.6140000000e+01
-4.2778131705e-01, 1.6150000000e+01
-4.3679860014e-01, 1.6160000000e+01
-4.4577220374e-01, 1.6170000000e+01
-4.5470123048e-01, 1.6180000000e+01
-4.6358478749e-01, 1.6190000000e+01
-4.7242198640e-01, 1.6200000000e+01
-4.8121194350e-01, 1.6210000000e+01
-4.8995377982e-01, 1.6220000000e+01
-4.9864662116e-01, 1.6230000000e+01
-5.0728959826e-01, 1.6240000000e+01
-5.1588184682e-01, 1.6250000000e+01
-5.2442250762e-01, 1.6260000000e+01
-5.3291072661e-01, 1.6270000000e+01
-5.4134565498e-01, 1.6280000000e+01
-5.4972644923e-01, 1.6290000000e+01
-5.5805227129e-01, 1.6300000000e+01
-5.6632228859e-01, 1.6310000000e+01
-5.7453567413e-01, 1.6320000000e+01
-5.8269160658e-01, 1.6330000000e+01
-5.9078927036e-01, 1.6340000000e+01
-5.9882785571e-01, 1.6350000000e+01
-6.0680655876e-01, 1.6360000000e+01
-6.1472458167e-01, 1.6370000000e+01
-6.2258113263e-01, 1.6380000000e+01
-6.3037542600e-01, 1.6390000000e+01
-6.3810668235e-01, 1.6400000000e+01
-6.4577412856e-01, 1.6410000000e+01
-6.5337699790e-01, 1.6420000000e+01
-6.6091453008e-01, 1.6430000000e+01
-6.6838597136e-01, 1.6440000000e+01
-6.7579057460e-01, 1.6450000000e+01
-6.8312759935e-01, 1.6460000000e+01
-6.9039631191e-01, 1.6470000000e+01
-6.9759598541e-01, 1.6480000000e+01
-7.0472589989e-01, 1.6490000000e+01
-7.1178534237e-01, 1.6500000000e+01
-7.1877360691e-01, 1.6510000000e+01
-7.2568999469e-01, 1.6520000000e+01
-7.3253381407e-01, 1.6530000000e+01
-7.3930438068e-01, 1.6540000000e+01
-7.4600101747e-01, 1.6550000000e+01
-7.5262305478e-01, 1.6560000000e+01
-7.5916983041e-01, 1.6570000000e+01
-7.6564068969e-01, 1.6580000000e+01
-7.7203498554e-01, 1.6590000000e+01
-7.7835207853e-01, 1.6600000000e+01
-7.8459133697e-01, 1.6610000000e+01
-7.9075213693e-01, 1.6620000000e+01
-7.9683386233e-01, 1.6630000000e+01
-8.0283590500e-01, 1.6640000000e+01
-8.0875766476e-01, 1.6650000000e+01
-8.1459854943e-01, 1.6660000000e+01
-8.2035797491e-01, 1.6670000000e+01
-8.2603536529e-01, 1.6680000000e+01
-8.3163015282e-01, 1.6690000000e+01
-8.3714177802e-01, 1.6700000000e+01
-8.4256968974e-01, 1.6710000000e+01
-8.4791334520e-01, 1.6720000000e+01
-8.5317221003e-01, 1.6730000000e+01
-8.5834575835e-01, 1.6740000000e+01
-8.6343347281e-01, 1.6750000000e+01
-8.6843484464e-01, 1.6760000000e+01
-8.7334937371e-01, 1.6770000000e+01
-8.7817656857e-01, 1.6780000000e+01
-8.8291594650e-01, 1.6790000000e+01
-8.8756703358e-01, 1.6800000000e+01
-8.9212936469e-01, 1.6810000000e+01
-8.9660248361e-01, 1.6820000000e+01
-9.0098594303e-01, 1.6830000000e+01
-9.0527930461e-01, 1.6840000000e+01
-9.0948213901e-01, 1.6850000000e+01
-9.1359402595e-01, 1.6860000000e+01
-9.1761455425e-01, 1.6870000000e+01
-9.2154332186e-01, 1.6880000000e+01
-9.2537993591e-01, 1.6890000000e+01
-9.2912401273e-01, 1.6900000000e+01
-9.3277517793e-01, 1.6910000000e+01
-9.3633306639e-01, 1.6920000000e+01
-9.3979732232e-01, 1.6930000000e+01
-9.4316759930e-01, 1.6940000000e+01
-9.4644356031e-01, 1.6950000000e+01
-9.4962487775e-01, 1.6960000000e+01
-9.5271123349e-01, 1.6970000000e+01
-9.5570231891e-01, 1.6980000000e+01
-9.5859783489e-01, 1.6990000000e+01
-9.6139749188e-01, 1.7000000000e+01
-9.6410100993e-01, 1.7010000000e+01
-9.6670811867e-01, 1.7020000000e+01
-9.6921855742e-01, 1.7030000000e+01
-9.7163207511e-01, 1.7040000000e+01
-9.7394843041e-01, 1.7050000000e+01
-9.7616739167e-01, 1.7060000000e+01
-9.7828873701e-01, 1.7070000000e+01
-9.8031225429e-01, 1.7080000000e+01
-9.8223774116e-01, 1.7090000000e+01
-9.8406500508e-01, 1.7100000000e+01
-9.8579386332e-01, 1.7110000000e+01
-9.8742414299e-01, 1.7120000000e+01
-9.8895568107e-01, 1.7130000000e+01
-9.9038832441e-01, 1.7140000000e+01
-9.9172192973e-01, 1.7150000000e+01
-9.9295636370e-01, 1.7160000000e+01
-9.9409150285e-01, 1.7170000000e+01
-9.9512723368e-01, 1.7180000000e+01
-9.9606345262e-01, 1.7190000000e+01
-9.9690006604e-01, 1.7200000000e+01
-9.9763699029e-01, 1.7210000000e+01
-9.9827415167e-01, 1.7220000000e+01
-9.9881148646e-01, 1.7230000000e+01
-9.9924894094e-01, 1.7240000000e+01
-9.9958647136e-01, 1.7250000000e+01
-9.9982404396e-01, 1.7260000000e+01
-9.9996163500e-01, 1.7270000000e+01
-9.9999923070e-01, 1.7280000000e+01
-9.9993682731e-01, 1.7290000000e+01
-9.9977443107e-01, 1.7300000000e+01
-9.9951205823e-01, 1.7310000000e+01
-9.9914973501e-01, 1.7320000000e+01
-9.9868749765e-01, 1.7330000000e+01
-9.9812539237e-01, 1.7340000000e+01
-9.9746347538e-01, 1.7350000000e+01
-9.9670181288e-01, 1.7360000000e+01
-9.9584048103e-01, 1.7370000000e+01
-9.9487956596e-01, 1.7380000000e+01
-9.9381916376e-01, 1.7390000000e+01
-9.9265938047e-01, 1.7400000000e+01
-9.9140033207e-01, 1.7410000000e+01
-9.9004214447e-01, 1.7420000000e+01
-9.8858495347e-01, 1.7430000000e+01
-9.8702890481e-01, 1.7440000000e+01
-9.8537415408e-01, 1.7450000000e+01
-9.8362086675e-01, 1.7460000000e+01
-9.8176921815e-01, 1.7470000000e+01
-9.7981939345e-01, 1.7480000000e+01
-9.7777158763e-01, 1.7490000000e+01
-9.7562600547e-01, 1.7500000000e+01
-9.7338286152e-01, 1.7510000000e+01
-9.7104238009e-01, 1.7520000000e+01
-9.6860479523e-01, 1.7530000000e+01
-9.6607035070e-01, 1.7540000000e+01
-9.6343929994e-01, 1.7550000000e+01
-9.6071190606e-01, 1.7560000000e+01
-9.5788844178e-01, 1.7570000000e+01
-9.5496918946e-01, 1.7580000000e+01
-9.5195444101e-01, 1.7590000000e+01
-9.4884449792e-01, 1.7600000000e+01
-9.4563967116e-01, 1.7610000000e+01
-9.4234028123e-01, 1.7620000000e+01
-9.3894665805e-01, 1.7630000000e+01
-9.3545914099e-01, 1.7640000000e+01
-9.3187807880e-01, 1.7650000000e+01
-9.2820382957e-01, 1.7660000000e+01
-9.2443676073e-01, 1.7670000000e+01
-9.2057724899e-01, 1.7680000000e+01
-9.1662568029e-01, 1.7690000000e+01
-9.1258244979e-01, 1.7700000000e+01
-9.0844796180e-01, 1.7710000000e+01
-9.0422262978e-01, 1.7720000000e+01
-8.9990687624e-01, 1.7730000000e+01
-8.9550113277e-01, 1.7740000000e+01
-8.9100583992e-01, 1.7750000000e+01
-8.8642144724e-01, 1.7760000000e+01
-8.8174841315e-01, 1.7770000000e+01
-8.7698720496e-01, 1.7780000000e+01
-8.7213829877e-01, 1.7790000000e+01
-8.6720217949e-01, 1.7800000000e+01
-8.6217934070e-01, 1.7810000000e+01
-8.5707028470e-01, 1.7820000000e+01
-8.5187552239e-01, 1.7830000000e+01
-8.4659557324e-01, 1.7840000000e+01
-8.4123096523e-01, 1.7850000000e+01
-8.3578223483e-01, 1.7860000000e+01
-8.3024992690e-01, 1.7870000000e+01
-8.2463459466e-01, 1.7880000000e+01
-8.1893679966e-01, 1.7890000000e+01
-8.1315711166e-01, 1.7900000000e+01
-8.0729610863e-01, 1.7910000000e+01
-8.0135437666e-01, 1.7920000000e+01
-7.9533250991e-01, 1.7930000000e+01
-7.8923111058e-01, 1.7940000000e+01
-7.8305078880e-01, 1.7950000000e+01
-7.7679216259e-01, 1.7960000000e+01
-7.7045585781e-01, 1.7970000000e+01
-7.6404250809e-01, 1.7980000000e+01
-7.5755275475e-01, 1.7990000000e+01
-7.5098724677e-01, 1.8000000000e+01
-7.4434664069e-01, 1.8010000000e+01
-7.3763160057e-01, 1.8020000000e+01
-7.3084279790e-01, 1.8030000000e+01
-7.2398091156e-01, 1.8040000000e+01
-7.1704662773e-01, 1.8050000000e+01
-7.1004063984e-01, 1.8060000000e+01
-7.0296364848e-01, 1.8070000000e+01
-6.9581636133e-01, 1.8080000000e+01
-6.8859949313e-01, 1.8090000000e+01
-6.8131376556e-01, 1.8100000000e+01
-6.7395990717e-01, 1.8110000000e+01
-6.6653865336e-01, 1.8120000000e+01
-6.5905074623e-01, 1.8130000000e+01
-6.5149693458e-01, 1.8140000000e+01
-6.4387797379e-01, 1.8150000000e+01
-6.3619462573e-01, 1.8160000000e+01
-6.2844765873e-01, 1.8170000000e+01
-6.2063784750e-01, 1.8180000000e+01
-6.1276597300e-01, 1.8190000000e+01
-6.0483282241e-01, 1.8200000000e+01
-5.9683918904e-01, 1.8210000000e+01
-5.8878587225e-01, 1.8220000000e+01
-5.8067367736e-01, 1.8230000000e+01
-5.7250341560e-01, 1.8240000000e+01
-5.6427590396e-01, 1.8250000000e+01
-5.5599196521e-01, 1.8260000000e+01
-5.4765242772e-01, 1.8270000000e+01
-5.3925812545e-01, 1.8280000000e+01
-5.3080989781e-01, 1.8290000000e+01
-5.2230858963e-01, 1.8300000000e+01
-5.1375505102e-01, 1.8310000000e+01
-5.0515013733e-01, 1.8320000000e+01
-4.9649470906e-01, 1.8330000000e+01
-4.8778963172e-01, 1.8340000000e+01
-4.7903577583e-01, 1.8350000000e+01
-4.7023401676e-01, 1.8360000000e+01
-4.6138523468e-01, 1.8370000000e+01
-4.5249031446e-01, 1.8380000000e+01
-4.4355014559e-01, 1.8390000000e+01
-4.3456562207e-01, 1.8400000000e+01
-4.2553764235e-01, 1.8410000000e+01
-4.1646710923e-01, 1.8420000000e+01
-4.0735492973e-01, 1.8430000000e+01
-3.9820201509e-01, 1.8440000000e+01
-3.8900928058e-01, 1.8450000000e+01
-3.7977764546e-01, 1.8460000000e+01
-3.7050803289e-01, 1.8470000000e+01
-3.6120136983e-01, 1.8480000000e+01
-3.5185858693e-01, 1.8490000000e+01
-3.4248061847e-01, 1.8500000000e+01
-3.3306840223e-01, 1.8510000000e+01
-3.2362287943e-01, 1.8520000000e+01
-3.1414499461e-01, 1.8530000000e+01
-3.0463569555e-01, 1.8540000000e+01
-2.9509593318e-01, 1.8550000000e+01
-2.8552666146e-01, 1.8560000000e+01
-2.7592883731e-01, 1.8570000000e+01
-2.6630342051e-01, 1.8580000000e+01
-2.5665137358e-01, 1.8590000000e+01
-2.4697366174e-01, 1.8600000000e+01
-2.3727125273e-01, 1.8610000000e+01
-2.2754511680e-01, 1.8620000000e+01
-2.1779622654e-01, 1.8630000000e+01
-2.0802555684e-01, 1.8640000000e+01
-1.9823408476e-01, 1.8650000000e+01
-1.8842278944e-01, 1.8660000000e+01
-1.7859265199e-01, 1.8670000000e+01
-1.6874465543e-01, 1.8680000000e+01
-1.5887978455e-01, 1.8690000000e+01
-1.4899902581e-01, 1.8700000000e+01
-1.3910336730e-01, 1.8710000000e+01
-1.2919379857e-01, 1.8720000000e+01
-1.1927131057e-01, 1.8730000000e+01
-1.0933689553e-01, 1.8740000000e+01
-9.9391546899e-02, 1.8750000000e+01
-8.9436259193e-02, 1.8760000000e+01
-7.9472027936e-02, 1.8770000000e+01
-6.9499849542e-02, 1.8780000000e+01
-5.9520721222e-02, 1.8790000000e+01
-4.9535640878e-02, 1.8800000000e+01
-3.9545607012e-02, 1.8810000000e+01
-2.9551618619e-02, 1.8820000000e+01
-1.9554675087e-02, 1.8830000000e+01
-9.5557761052e-03, 1.8840000000e+01
4.4407844665e-04, 1.8850000000e+01
1.0443888591e-02, 1.8860000000e+01
2.0442654355e-02, 1.8870000000e+01
3.0439375871e-02, 1.8880000000e+01
4.0433053475e-02, 1.8890000000e+01
5.0422687807e-02, 1.8900000000e+01
6.0407279912e-02, 1.8910000000e+01
7.0385831340e-02, 1.8920000000e+01
8.0357344243e-02, 1.8930000000e+01
9.0320821478e-02, 1.8940000000e+01
1.0027526671e-01, 1.8950000000e+01
1.1021968449e-01, 1.8960000000e+01
1.2015308040e-01, 1.8970000000e+01
1.3007446110e-01, 1.8980000000e+01
1.3998283447e-01, 1.8990000000e+01
1.4987720966e-01, 1.9000000000e+01
1.5975659726e-01, 1.9010000000e+01
1.6962000934e-01, 1.9020000000e+01
1.7946645955e-01, 1.9030000000e+01
1.8929496327e-01, 1.9040000000e+01
1.9910453765e-01, 1.9050000000e+01
2.0889420174e-01, 1.9060000000e+01
2.1866297659e-01, 1.9070000000e+01
2.2840988532e-01, 1.9080000000e+01
2.3813395325e-01, 1.9090000000e+01
2.4783420798e-01, 1.9100000000e+01
2.5750967950e-01, 1.9110000000e+01
2.6715940027e-01, 1.9120000000e+01
2.7678240532e-01, 1.9130000000e+01
2.8637773236e-01, 1.9140000000e+01
2.9594442187e-01, 1.9150000000e+01
3.0548151718e-01, 1.9160000000e+01
3.1498806459e-01, 1.9170000000e+01
3.2446311346e-01, 1.9180000000e+01
3.3390571629e-01, 1.9190000000e+01
3.4331492882e-01, 1.9200000000e+01
3.5268981015e-01, 1.9210000000e+01
3.6202942279e-01, 1.9220000000e+01
3.7133283279e-01, 1.9230000000e+01
3.8059910981e-01, 1.9240000000e+01
3.8982732725e-01, 1.9250000000e+01
3.9901656227e-01, 1.9260000000e+01
4.0816589597e-01, 1.9270000000e+01
4.1727441342e-01, 1.9280000000e+01
4.2634120378e-01, 1.9290000000e+01
4.3536536037e-01, 1.9300000000e+01
4.4434598079e-01, 1.9310000000e+01
4.5328216698e-01, 1.9320000000e+01
4.6217302534e-01, 1.9330000000e+01
4.7101766677e-01, 1.9340000000e+01
4.7981520683e-01, 1.9350000000e+01
4.8856476577e-01, 1.9360000000e+01
4.9726546864e-01, 1.9370000000e+01
5.0591644538e-01, 1.9380000000e+01
5.1451683090e-01, 1.9390000000e+01
5.2306576516e-01, 1.9400000000e+01
5.3156239328e-01, 1.9410000000e+01
5.4000586560e-01, 1.9420000000e+01
5.4839533779e-01, 1.9430000000e+01
5.5672997090e-01, 1.9440000000e+01
5.6500893148e-01, 1.9450000000e+01
5.7323139163e-01, 1.9460000000e+01
5.8139652913e-01, 1.9470000000e+01
5.8950352745e-01, 1.9480000000e+01
5.9755157592e-01, 1.9490000000e+01
6.0553986972e-01, 1.9500000000e+01
6.1346761004e-01, 1.9510000000e+01
6.2133400411e-01, 1.9520000000e+01
6.2913826530e-01, 1.9530000000e+01
6.3687961319e-01, 1.9540000000e+01
6.4455727365e-01, 1.9550000000e+01
6.5217047891e-01, 1.9560000000e+01
6.5971846767e-01, 1.9570000000e+01
6.6720048514e-01, 1.9580000000e+01
6.7461578311e-01, 1.9590000000e+01
6.8196362007e-01, 1.9600000000e+01
6.8924326123e-01, 1.9610000000e+01
6.9645397864e-01, 1.9620000000e+01
7.0359505123e-01, 1.9630000000e+01
7.1066576491e-01, 1.9640000000e+01
7.1766541260e-01, 1.9650000000e+01
7.2459329435e-01, 1.9660000000e+01
7.3144871737e-01, 1.9670000000e+01
7.3823099613e-01, 1.9680000000e+01
7.4493945240e-01, 1.9690000000e+01
7.5157341535e-01, 1.9700000000e+01
7.5813222159e-01, 1.9710000000e+01
7.6461521523e-01, 1.9720000000e+01
7.7102174799e-01, 1.9730000000e+01
7.7735117922e-01, 1.9740000000e+01
7.8360287598e-01, 1.9750000000e+01
7.8977621310e-01, 1.9760000000e+01
7.9587057326e-01, 1.9770000000e+01
8.0188534703e-01, 1.9780000000e+01
8.0781993293e-01, 1.9790000000e+01
8.1367373751e-01, 1.9800000000e+01
8.1944617539e-01, 1.9810000000e+01
8.2513666934e-01, 1.9820000000e+01
8.3074465031e-01, 1.9830000000e+01
8.3626955751e-01, 1.9840000000e+01
8.4171083845e-01, 1.9850000000e+01
8.4706794900e-01, 1.9860000000e+01
8.5234035347e-01, 1.9870000000e+01
8.5752752461e-01, 1.9880000000e+01
8.6262894371e-01, 1.9890000000e+01
8.6764410064e-01, 1.9900000000e+01
8.7257249388e-01, 1.9910000000e+01
8.7741363060e-01, 1.9920000000e+01
8.8216702669e-01, 1.9930000000e+01
8.8683220681e-01, 1.9940000000e+01
8.9140870445e-01, 1.9950000000e+01
8.9589606196e-01, 1.9960000000e+01
9.0029383061e-01, 1.9970000000e+01
9.0460157063e-01, 1.9980000000e+01
9.0881885124e-01, 1.9990000000e+01
9.1294525073e-01, 2.0000000000e+01
!END
